EntityId,TeamId,Name,ShortName,RowId,TeamAbbreviation,SecondsPlayed,Minutes,PlusMinus,OffPoss,DefPoss,PenaltyOffPoss,PenaltyDefPoss,SecondChanceOffPoss,TotalPoss,AtRimFGM,AtRimFGA,SecondChanceAtRimFGM,SecondChanceAtRimFGA,PenaltyAtRimFGM,PenaltyAtRimFGA,ShortMidRangeFGM,ShortMidRangeFGA,LongMidRangeFGM,LongMidRangeFGA,Corner3FGM,Corner3FGA,PenaltyCorner3FGA,Arc3FGM,Arc3FGA,SecondChanceArc3FGA,PenaltyArc3FGM,PenaltyArc3FGA,FG2M,FG2A,FG3M,FG3A,FtPoints,Points,OpponentPoints,SecondChanceFG2M,SecondChanceFG2A,SecondChanceFG3A,SecondChanceFtPoints,SecondChancePoints,PenaltyFG2M,PenaltyFG2A,PenaltyFG3M,PenaltyFG3A,PenaltyFtPoints,PenaltyPoints,PtsAssisted2s,PtsUnassisted2s,PtsAssisted3s,PtsPutbacks,NonHeaveArc3FGA,NonHeaveArc3FGM,Fg2aBlocked,TwoPtAssists,ThreePtAssists,Assists,Arc3Assists,Corner3Assists,AtRimAssists,ShortMidRangeAssists,LongMidRangeAssists,AssistPoints,OffThreePtRebounds,OffTwoPtRebounds,DefThreePtRebounds,DefTwoPtRebounds,FTDefRebounds,DefRebounds,OffRebounds,Rebounds,SelfOReb,Steals,BadPassSteals,LostBallSteals,LiveBallTurnovers,BadPassOutOfBoundsTurnovers,BadPassTurnovers,DeadBallTurnovers,LostBallOutOfBoundsTurnovers,LostBallTurnovers,Travels,Turnovers,SecondChanceTurnovers,PenaltyTurnovers,ShootingFouls,Fouls,Loose Ball Fouls,Offensive Fouls,FoulsDrawn,Charge Fouls Drawn,Loose Ball Fouls Drawn,Offensive Fouls Drawn,FTA,2pt And 1 Free Throw Trips,TwoPtShootingFoulsDrawn,ThreePtShootingFoulsDrawn,NonShootingFoulsDrawn,Blocked2s,Blocked3s,BlockedArc3,BlockedAtRim,BlockedShortMidRange,Blocks,RecoveredBlocks,DefensiveGoaltends,PenaltyPointsExcludingTakeFouls,PenaltyOffPossExcludingTakeFouls,NonShootingPenaltyNonTakeFouls,NonShootingPenaltyNonTakeFoulsDrawn,Assisted2sPct,NonPutbacksAssisted2sPct,Assisted3sPct,Fg3Pct,PenaltyFg3Pct,NonHeaveFg3Pct,Fg2Pct,SecondChanceFg2Pct,PenaltyFg2Pct,EfgPct,SecondChanceEfgPct,PenaltyEfgPct,TsPct,SecondChanceTsPct,PenaltyTsPct,FG3APct,FG2APctBlocked,AtRimPctBlocked,Usage,LiveBallTurnoverPct,DefFTReboundPct,DefTwoPtReboundPct,OffTwoPtReboundPct,DefThreePtReboundPct,OffThreePtReboundPct,DefFGReboundPct,OffFGReboundPct,OffAtRimReboundPct,OffShortMidRangeReboundPct,OffLongMidRangeReboundPct,OffArc3ReboundPct,OffCorner3ReboundPct,DefAtRimReboundPct,DefShortMidRangeReboundPct,DefLongMidRangeReboundPct,DefArc3ReboundPct,DefCorner3ReboundPct,SelfORebPct,BlocksRecoveredPct,AtRimFrequency,AtRimAccuracy,UnblockedAtRimAccuracy,AtRimPctAssisted,ShortMidRangeFrequency,ShortMidRangeAccuracy,UnblockedShortMidRangeAccuracy,ShortMidRangePctAssisted,LongMidRangeFrequency,LongMidRangeAccuracy,UnblockedLongMidRangeAccuracy,LongMidRangePctAssisted,Corner3Frequency,Corner3Accuracy,UnblockedCorner3Accuracy,Corner3PctAssisted,Arc3Frequency,Arc3Accuracy,UnblockedArc3Accuracy,Arc3PctAssisted,SecondChanceAtRimFrequency,SecondChanceAtRimAccuracy,SecondChanceArc3Frequency,PenaltyAtRimFrequency,PenaltyAtRimAccuracy,PenaltyCorner3Frequency,PenaltyArc3Frequency,PenaltyArc3Accuracy,AtRimFG3AFrequency,NonHeaveArc3Accuracy,ShotQualityAvg,SecondChanceShotQualityAvg,PenaltyShotQualityAvg,ShootingFoulsDrawnPct,TwoPtShootingFoulsDrawnPct,ThreePtShootingFoulsDrawnPct,SecondChancePointsPct,PenaltyPointsPct,Avg2ptShotDistance,Avg3ptShotDistance,PenaltyOffPossPct,SecondChanceCorner3FGM,SecondChanceCorner3FGA,PenaltyCorner3FGM,SecondChanceFG3M,PtsUnassisted3s,Charge Fouls,SecondChanceFg3Pct,ShortMidRangePctBlocked,LongMidRangePctBlocked,SecondChanceCorner3Frequency,SecondChanceCorner3Accuracy,SecondChanceCorner3PctAssisted,PenaltyCorner3Accuracy,FTOffRebounds,3SecondViolations,Defensive 3 Seconds Violations,OffFTReboundPct,Fg3aBlocked,FG3APctBlocked,Arc3PctBlocked,SecondChanceArc3FGM,HeaveAttempts,StepOutOfBoundsTurnovers,3pt And 1 Free Throw Trips,Technical Free Throw Trips,Corner3PctBlocked,SecondChanceAtRimPctAssisted,SecondChanceArc3Accuracy,SecondChanceArc3PctAssisted,Clear Path Fouls,BlockedCorner3,BlockedLongMidRange,OffensiveGoaltends,on
1626168,1610612759,Trey Lyles,Trey Lyles,1626168,SAS,18306.0,305,14.0,648,646,188.0,177.0,66.0,1294,16.0,30.0,7.0,15.0,6.0,11.0,3.0,12.0,3.0,8.0,2.0,8.0,1.0,10.0,33.0,2.0,2.0,5.0,22.0,50,12.0,41.0,13.0,93.0,755,8.0,18.0,2.0,2.0,18.0,8.0,18.0,2.0,6.0,6.0,28.0,26.0,18.0,36.0,12.0,33.0,10.0,5.0,11.0,7.0,18.0,2.0,5.0,6.0,4.0,1.0,43.0,6.0,17.0,31.0,27.0,4.0,62.0,23.0,85,2.0,11.0,10.0,1.0,10.0,1.0,9.0,4.0,1.0,1.0,1.0,14.0,1.0,4.0,17.0,23.0,1.0,1.0,16.0,1.0,1.0,1.0,16.0,1.0,6.0,1.0,1.0,12.0,1.0,1.0,6.0,6.0,13.0,10.0,1.0,28.0,185.0,2.0,1.0,0.5909090909090909,0.8125,1.0,0.2926829268292683,0.3333333333333333,0.2926829268292683,0.44,0.4444444444444444,0.4444444444444444,0.43956043956043955,0.4,0.4583333333333333,0.4744897959183674,0.42857142857142855,0.5,0.45054945054945056,0.1,0.16666666666666666,15.405777166437415,0.7142857142857143,0.3076923076923077,0.18243243243243243,0.09550561797752809,0.22302158273381295,0.056074766355140186,0.20209059233449478,0.08070175438596491,0.13432835820895522,0.06666666666666667,0.0784313725490196,0.056179775280898875,0.05555555555555555,0.19736842105263158,0.1568627450980392,0.19047619047619047,0.23478260869565218,0.16666666666666666,0.04081632653061224,0.7692307692307693,0.32967032967032966,0.5333333333333333,0.64,0.5625,0.13186813186813187,0.25,0.25,0.3333333333333333,0.08791208791208792,0.375,0.375,1.0,0.08791208791208792,0.25,0.25,1.0,0.3626373626373626,0.30303030303030304,0.30303030303030304,1.0,0.75,0.4666666666666667,0.1,0.4583333333333333,0.5454545454545454,0.041666666666666664,0.20833333333333334,0.4,0.7802197802197802,0.30303030303030304,0.521337912087912,0.5546411764705883,0.48302291666666664,0.07216494845360824,0.10909090909090909,0.023809523809523808,0.1935483870967742,0.3010752688172043,5.704,25.514634146341468,0.29012345679012347,,,,,,,,,,,,,,,,,,,,,,,,,,,,,,,,,,True
1627749,1610612759,Dejounte Murray,Dejounte Murray,1627749,SAS,20513.0,342,-1.0,723,741,204.0,205.0,68.0,1464,28.0,43.0,6.0,9.0,7.0,8.0,8.0,28.0,15.0,31.0,4.0,12.0,5.0,5.0,12.0,,,5.0,51.0,102,9.0,24.0,34.0,163.0,822,7.0,12.0,2.0,1.0,18.0,11.0,17.0,1.0,10.0,12.0,37.0,36.0,66.0,24.0,10.0,12.0,5.0,6.0,31.0,21.0,52.0,15.0,6.0,17.0,7.0,7.0,125.0,10.0,9.0,38.0,32.0,6.0,76.0,19.0,95,2.0,37.0,25.0,12.0,17.0,4.0,10.0,10.0,2.0,7.0,,27.0,,5.0,12.0,25.0,,3.0,30.0,,,2.0,36.0,4.0,16.0,,4.0,3.0,1.0,1.0,3.0,,4.0,1.0,,35.0,200.0,3.0,3.0,0.35294117647058826,0.391304347826087,0.8888888888888888,0.375,0.1,0.375,0.5,0.5833333333333334,0.6470588235294118,0.5119047619047619,0.6071428571428571,0.46296296296296297,0.573943661971831,0.6,0.5606060606060606,0.19047619047619047,0.058823529411764705,0.09302325581395349,20.915841584158414,0.6296296296296297,0.3,0.18285714285714286,0.04477611940298507,0.2345679012345679,0.07751937984496124,0.20771513353115728,0.05757575757575758,0.05263157894736842,0.06976744186046512,,0.1,,0.08333333333333333,0.21739130434782608,0.3235294117647059,0.2283464566929134,0.2571428571428571,0.034482758620689655,0.25,0.3412698412698413,0.6511627906976745,0.717948717948718,0.32142857142857145,0.2222222222222222,0.2857142857142857,0.2962962962962963,0.75,0.24603174603174602,0.4838709677419355,0.5,0.2,0.09523809523809523,0.3333333333333333,0.3333333333333333,1.0,0.09523809523809523,0.4166666666666667,0.4166666666666667,0.8,0.6428571428571429,0.6666666666666666,,0.2962962962962963,0.875,0.18518518518518517,0.18518518518518517,,0.5317460317460317,0.4166666666666667,0.5263336,0.53479375,0.5526634615384615,0.11594202898550725,0.14035087719298245,,0.11042944785276074,0.22699386503067484,8.25686274509804,25.020833333333332,0.2821576763485477,1.0,2.0,1.0,1.0,3.0,1.0,0.5,0.03571428571428571,0.03225806451612903,0.14285714285714285,0.5,1.0,0.2,,,,,,,,,,,,,,,,,,,,,True
1627751,1610612759,Jakob Poeltl,Jakob Poeltl,1627751,SAS,39867.0,664,108.0,1411,1412,454.0,386.0,155.0,2823,76.0,102.0,20.0,34.0,25.0,39.0,22.0,45.0,1.0,3.0,,,,,,,,,99.0,150,,,29.0,227.0,1544,21.0,37.0,,10.0,52.0,30.0,51.0,,,14.0,74.0,142.0,56.0,,38.0,,,13.0,42.0,29.0,71.0,23.0,6.0,15.0,10.0,17.0,171.0,24.0,50.0,53.0,89.0,7.0,149.0,76.0,225,2.0,20.0,15.0,5.0,20.0,4.0,15.0,11.0,,5.0,3.0,31.0,6.0,9.0,47.0,66.0,6.0,3.0,60.0,7.0,4.0,3.0,62.0,9.0,28.0,,8.0,57.0,2.0,2.0,40.0,17.0,59.0,40.0,1.0,74.0,451.0,2.0,5.0,0.7171717171717171,0.8875,,,,,0.66,0.5675675675675675,0.5882352941176471,0.66,0.5675675675675675,0.5882352941176471,0.6412429378531074,0.5909090909090909,0.5692307692307692,,0.08666666666666667,0.08823529411764706,13.018867924528301,0.6451612903225806,0.2413793103448276,0.23670212765957446,0.12165450121654502,0.1872791519434629,0.09375,0.21547799696509864,0.11094452773613193,0.16260162601626016,0.11834319526627218,0.08403361344537816,0.1024390243902439,0.058823529411764705,0.22580645161290322,0.25,0.23076923076923078,0.1956521739130435,0.1509433962264151,0.05405405405405406,0.6779661016949152,0.68,0.7450980392156863,0.8172043010752689,0.6710526315789473,0.3,0.4888888888888889,0.5365853658536586,0.9090909090909091,0.02,0.3333333333333333,0.3333333333333333,,,,,,,,,,0.918918918918919,0.5882352941176471,,0.7647058823529411,0.6410256410256411,,,,0.68,,0.5479886666666665,0.58552,0.5649019607843138,0.16568047337278108,0.16568047337278108,,0.2290748898678414,0.32599118942731276,3.414,,0.32175761871013464,,,,,,,,0.08888888888888889,,,,,,2.0,1.0,2.0,0.05555555555555555,,,,,,,,,,,,,,,,,True
1627854,1610612759,Bryn Forbes,Bryn Forbes,1627854,SAS,10061.0,168,-12.0,361,358,125.0,123.0,35.0,719,4.0,9.0,,1.0,2.0,4.0,4.0,8.0,7.0,12.0,2.0,3.0,2.0,11.0,37.0,,2.0,9.0,15.0,29,13.0,40.0,10.0,79.0,426,2.0,4.0,1.0,,7.0,6.0,12.0,3.0,11.0,5.0,26.0,20.0,10.0,39.0,,37.0,11.0,5.0,9.0,2.0,11.0,2.0,,5.0,2.0,2.0,24.0,,2.0,5.0,5.0,1.0,11.0,2.0,13,,6.0,3.0,3.0,7.0,,4.0,2.0,,3.0,1.0,9.0,3.0,3.0,9.0,13.0,,1.0,9.0,,1.0,1.0,11.0,1.0,2.0,2.0,1.0,,,,,,,,,26.0,124.0,3.0,1.0,0.6666666666666666,0.6666666666666666,1.0,0.325,0.2727272727272727,0.325,0.5172413793103449,0.5,0.5,0.5,0.7,0.45652173913043476,0.541095890410959,0.7,0.52,0.5797101449275363,0.1724137931034483,0.3333333333333333,20.147420147420146,0.7777777777777778,0.07692307692307693,0.056179775280898875,0.017699115044247787,0.0684931506849315,,0.06172839506172839,0.011560693641618497,0.029411764705882353,0.02564102564102564,,,,0.029411764705882353,0.10810810810810811,,0.07936507936507936,,,,0.13043478260869565,0.4444444444444444,0.6666666666666666,0.25,0.11594202898550725,0.5,0.6666666666666666,0.75,0.17391304347826086,0.5833333333333334,0.5833333333333334,0.8571428571428571,0.043478260869565216,0.6666666666666666,0.6666666666666666,1.0,0.5362318840579711,0.2972972972972973,0.3055555555555556,1.0,0.2,,,0.17391304347826086,0.5,0.08695652173913043,0.391304347826087,0.2222222222222222,0.7101449275362319,0.2972972972972973,0.507218115942029,0.47234,0.5092826086956521,0.05555555555555555,0.06666666666666667,0.047619047619047616,0.08860759493670886,0.3291139240506329,10.258620689655173,25.805,0.3462603878116344,1.0,1.0,1.0,1.0,,,1.0,0.25,,0.2,1.0,1.0,0.5,,,,,1.0,0.025,0.02702702702702703,,,,,,,,,,,,,,True
201988,1610612759,Patty Mills,Patty Mills,201988,SAS,89083.0,1485,135.0,3144,3139,1084.0,1012.0,301.0,6283,54.0,81.0,2.0,2.0,23.0,36.0,14.0,26.0,36.0,88.0,40.0,87.0,27.0,114.0,316.0,20.0,25.0,89.0,104.0,195,154.0,403.0,97.0,767.0,3516,4.0,6.0,29.0,,32.0,47.0,80.0,38.0,116.0,56.0,264.0,106.0,102.0,360.0,,313.0,114.0,12.0,89.0,29.0,118.0,22.0,7.0,51.0,25.0,13.0,265.0,13.0,9.0,49.0,37.0,,86.0,22.0,108,7.0,53.0,34.0,19.0,27.0,8.0,22.0,27.0,5.0,5.0,3.0,54.0,3.0,18.0,28.0,105.0,3.0,6.0,118.0,6.0,2.0,25.0,112.0,5.0,19.0,18.0,16.0,4.0,2.0,2.0,2.0,2.0,6.0,5.0,,260.0,1072.0,15.0,13.0,0.5096153846153846,0.5096153846153846,0.7792207792207793,0.38213399503722084,0.3275862068965517,0.385,0.5333333333333333,0.6666666666666666,0.5875,0.560200668896321,0.45714285714285713,0.5306122448979592,0.5957943925233645,0.45714285714285713,0.5919282511210763,0.6739130434782609,0.06153846153846154,0.07407407407407407,19.896936730604065,0.5,,0.04774193548387097,0.010477299185098952,0.07132459970887918,0.023214285714285715,0.058823529411764705,0.015503875968992248,0.011583011583011582,0.002932551319648094,0.019305019305019305,0.024608501118568233,0.017699115044247787,0.04416403785488959,0.049019607843137254,0.05263157894736842,0.0673758865248227,0.08943089430894309,0.022222222222222223,0.8333333333333334,0.1354515050167224,0.6666666666666666,0.72,0.5370370370370371,0.043478260869565216,0.5384615384615384,0.56,0.5,0.14715719063545152,0.4090909090909091,0.43373493975903615,0.4722222222222222,0.1454849498327759,0.45977011494252873,0.46511627906976744,0.975,0.5284280936454849,0.36075949367088606,0.3665594855305466,0.7105263157894737,0.05714285714285714,1.0,0.5714285714285714,0.1836734693877551,0.6388888888888888,0.1377551020408163,0.45408163265306123,0.2808988764044944,0.8093645484949833,0.36421725239616615,0.5304228571428573,0.5371874999999998,0.5218251295336785,0.05910543130990415,0.09090909090909091,0.04316546762589928,0.041720990873533245,0.34419817470664926,10.256923076923078,25.3727047146402,0.34478371501272265,4.0,9.0,13.0,8.0,102.0,2.0,0.27586206896551724,0.038461538461538464,0.056818181818181816,0.2571428571428571,0.4444444444444444,1.0,0.48148148148148145,,,1.0,,6.0,0.01488833746898263,0.015822784810126583,4.0,3.0,1.0,4.0,2.0,0.011494252873563218,0.5,0.2,1.0,,,,,True
1629022,1610612759,Lonnie Walker IV,Lonnie Walker IV,1629022,SAS,28474.0,475,45.0,978,982,280.0,334.0,91.0,1960,34.0,59.0,6.0,11.0,6.0,11.0,9.0,37.0,9.0,23.0,8.0,13.0,2.0,15.0,31.0,4.0,4.0,13.0,52.0,119,23.0,44.0,23.0,196.0,1082,7.0,14.0,5.0,2.0,25.0,12.0,28.0,6.0,15.0,5.0,47.0,64.0,40.0,66.0,10.0,30.0,15.0,14.0,14.0,14.0,28.0,8.0,6.0,10.0,3.0,1.0,70.0,6.0,7.0,29.0,31.0,3.0,63.0,13.0,76,1.0,16.0,11.0,5.0,8.0,,5.0,9.0,3.0,3.0,2.0,17.0,,3.0,18.0,38.0,2.0,1.0,26.0,,,2.0,32.0,2.0,15.0,,2.0,4.0,1.0,,2.0,2.0,5.0,,,46.0,278.0,4.0,,0.6153846153846154,0.6808510638297872,0.9565217391304348,0.5227272727272727,0.4,0.5348837209302325,0.4369747899159664,0.5,0.42857142857142855,0.5306748466257669,0.6052631578947368,0.4883720930232558,0.550561797752809,0.625,0.5108695652173914,0.26993865030674846,0.11764705882352941,0.0847457627118644,18.005540166204987,0.47058823529411764,0.125,0.12757201646090535,0.02527075812274368,0.1277533039647577,0.03428571428571429,0.1276595744680851,0.028761061946902654,0.021739130434782608,0.02727272727272727,0.02666666666666667,0.027586206896551724,0.06666666666666667,0.12745098039215685,0.10101010101010101,0.19047619047619047,0.125,0.13953488372093023,0.014285714285714285,,0.3619631901840491,0.576271186440678,0.6296296296296297,0.6176470588235294,0.22699386503067484,0.24324324324324326,0.32142857142857145,0.5555555555555556,0.1411042944785276,0.391304347826087,0.391304347826087,0.6666666666666666,0.07975460122699386,0.6153846153846154,0.6666666666666666,1.0,0.1901840490797546,0.4838709677419355,0.4838709677419355,0.9333333333333333,0.5789473684210527,0.5454545454545454,0.21052631578947367,0.2558139534883721,0.5454545454545454,0.046511627906976744,0.3023255813953488,0.3076923076923077,0.6319018404907976,0.5,0.5265246913580247,0.5687818181818182,0.5041309523809523,0.08522727272727272,0.11363636363636363,,0.12755102040816327,0.23979591836734693,6.660504201680672,25.795454545454547,0.28629856850715746,,1.0,2.0,3.0,3.0,1.0,0.6,0.24324324324324326,,0.05263157894736842,,,1.0,,,,,1.0,0.022727272727272728,,3.0,1.0,1.0,,,0.07692307692307693,,0.75,1.0,1.0,1.0,,,True
201158,1610612759,Marco Belinelli,Marco Belinelli,201158,SAS,28298.0,472,159.0,1005,1000,360.0,291.0,98.0,2005,9.0,15.0,,,3.0,5.0,5.0,18.0,16.0,43.0,7.0,18.0,6.0,25.0,69.0,4.0,10.0,27.0,30.0,76,32.0,87.0,27.0,183.0,1061,1.0,4.0,7.0,1.0,12.0,7.0,23.0,12.0,33.0,10.0,60.0,58.0,2.0,81.0,,69.0,25.0,5.0,28.0,18.0,46.0,13.0,5.0,13.0,12.0,3.0,110.0,2.0,,40.0,22.0,2.0,64.0,2.0,66,,7.0,3.0,4.0,8.0,2.0,4.0,5.0,,4.0,2.0,13.0,,3.0,14.0,22.0,2.0,,27.0,,,2.0,34.0,1.0,5.0,8.0,2.0,1.0,,,1.0,,1.0,1.0,,58.0,357.0,1.0,1.0,0.9666666666666667,0.9666666666666667,0.84375,0.367816091954023,0.36363636363636365,0.367816091954023,0.39473684210526316,0.25,0.30434782608695654,0.4785276073619632,0.5,0.44642857142857145,0.52,0.5454545454545454,0.49166666666666664,0.5337423312883436,0.06578947368421052,0.06666666666666667,16.876122082585276,0.6153846153846154,0.08695652173913043,0.08870967741935484,,0.17316017316017315,0.010752688172043012,0.12943632567849686,0.0045045045045045045,,,,,0.05714285714285714,0.06521739130434782,0.11,0.08928571428571429,0.17486338797814208,0.16666666666666666,,1.0,0.09202453987730061,0.6,0.6428571428571429,1.0,0.11042944785276074,0.2777777777777778,0.3333333333333333,1.0,0.26380368098159507,0.37209302325581395,0.38095238095238093,0.9375,0.11042944785276074,0.3888888888888889,0.3888888888888889,1.0,0.4233128834355828,0.36231884057971014,0.36764705882352944,0.8,,,0.36363636363636365,0.08928571428571429,0.6,0.10714285714285714,0.48214285714285715,0.37037037037037035,0.6257668711656442,0.36231884057971014,0.4966604938271605,0.4130875,0.4932972727272727,0.07514450867052024,0.0625,0.08602150537634409,0.06557377049180328,0.32786885245901637,13.63421052631579,25.613793103448273,0.3582089552238806,1.0,3.0,2.0,3.0,15.0,,0.42857142857142855,0.16666666666666666,0.023255813953488372,0.2727272727272727,0.3333333333333333,1.0,0.3333333333333333,,,,,1.0,0.011494252873563218,0.014492753623188406,2.0,,,2.0,1.0,,,0.5,1.0,,,,,True
201942,1610612759,DeMar DeRozan,DeMar DeRozan,201942,SAS,46798.0,780,26.0,1639,1639,622.0,596.0,155.0,3278,94.0,143.0,9.0,13.0,37.0,56.0,69.0,153.0,38.0,84.0,2.0,4.0,,2.0,12.0,5.0,1.0,4.0,201.0,380,4.0,16.0,152.0,566.0,1887,14.0,26.0,5.0,10.0,41.0,63.0,140.0,1.0,4.0,73.0,202.0,90.0,312.0,9.0,8.0,12.0,2.0,29.0,52.0,72.0,124.0,52.0,20.0,24.0,13.0,15.0,320.0,,17.0,57.0,62.0,9.0,128.0,19.0,147,7.0,26.0,18.0,8.0,36.0,7.0,13.0,27.0,2.0,23.0,5.0,63.0,3.0,24.0,35.0,77.0,3.0,6.0,129.0,2.0,2.0,4.0,182.0,19.0,80.0,1.0,16.0,6.0,,,5.0,1.0,6.0,1.0,1.0,200.0,611.0,11.0,11.0,0.22388059701492538,0.22842639593908629,0.75,0.25,0.25,0.25,0.5289473684210526,0.5384615384615384,0.45,0.5227272727272727,0.5,0.4479166666666667,0.5938818565400844,0.5694444444444444,0.5491803278688525,0.04040404040404041,0.07631578947368421,0.1258741258741259,29.41822173435785,0.5714285714285714,0.24324324324324326,0.1493975903614458,0.037527593818984545,0.16715542521994134,,0.1574074074074074,0.023035230352303523,0.06382978723404255,0.027472527472527472,0.023076923076923078,,,0.13218390804597702,0.1165644171779141,0.2564102564102564,0.16040955631399317,0.20833333333333334,0.0440251572327044,0.16666666666666666,0.3611111111111111,0.6573426573426573,0.752,0.23404255319148937,0.38636363636363635,0.45098039215686275,0.4859154929577465,0.18840579710144928,0.21212121212121213,0.4523809523809524,0.4523809523809524,0.2631578947368421,0.010101010101010102,0.5,0.5,0.5,0.030303030303030304,0.16666666666666666,0.16666666666666666,1.0,0.41935483870967744,0.6923076923076923,0.16129032258064516,0.3888888888888889,0.6607142857142857,,0.027777777777777776,0.25,0.4015151515151515,0.16666666666666666,0.48010921717171706,0.4703365384615385,0.4843503472222223,0.17685589519650655,0.18140589569160998,0.058823529411764705,0.07243816254416961,0.3568904593639576,8.16578947368421,25.2875,0.37949969493593655,,,,1.0,3.0,5.0,0.2,0.0718954248366013,,,,,,2.0,,,0.05714285714285714,,,,1.0,,1.0,,7.0,,0.2222222222222222,0.2,1.0,,,,,True
200746,1610612759,LaMarcus Aldridge,LaMarcus Aldridge,200746,SAS,36903.0,615,-17.0,1285,1283,451.0,431.0,108.0,2568,63.0,83.0,26.0,35.0,20.0,27.0,28.0,69.0,30.0,72.0,4.0,7.0,,13.0,31.0,1.0,5.0,10.0,121.0,224,17.0,38.0,69.0,362.0,1492,28.0,41.0,1.0,7.0,63.0,41.0,73.0,5.0,10.0,26.0,123.0,118.0,124.0,45.0,42.0,31.0,13.0,5.0,31.0,19.0,50.0,16.0,3.0,10.0,3.0,18.0,119.0,9.0,35.0,55.0,43.0,8.0,106.0,44.0,150,6.0,9.0,4.0,5.0,11.0,,5.0,18.0,1.0,6.0,3.0,29.0,1.0,15.0,19.0,41.0,,13.0,61.0,,4.0,,81.0,9.0,30.0,1.0,9.0,30.0,1.0,1.0,14.0,14.0,31.0,18.0,1.0,123.0,445.0,3.0,8.0,0.48760330578512395,0.59,0.8823529411764706,0.4473684210526316,0.5,0.4473684210526316,0.5401785714285714,0.6829268292682927,0.5616438356164384,0.5591603053435115,0.6666666666666666,0.5843373493975904,0.6023890784982935,0.7,0.6185567010309279,0.1450381679389313,0.022321428571428572,0.03614457831325301,22.7015558698727,0.3793103448275862,0.23529411764705882,0.14144736842105263,0.09887005649717515,0.18456375838926176,0.04035874439461883,0.16279069767441862,0.07625649913344887,0.1568627450980392,0.0916030534351145,0.05785123966942149,0.03977272727272727,0.0425531914893617,0.13157894736842105,0.1557377049180328,0.1323529411764706,0.196,0.125,0.05172413793103448,0.5806451612903226,0.31679389312977096,0.7590361445783133,0.7875,0.4444444444444444,0.2633587786259542,0.4057971014492754,0.4117647058823529,0.42857142857142855,0.2748091603053435,0.4166666666666667,0.4225352112676056,0.6333333333333333,0.026717557251908396,0.5714285714285714,0.5714285714285714,1.0,0.1183206106870229,0.41935483870967744,0.43333333333333335,0.8461538461538461,0.8333333333333334,0.7428571428571429,0.023809523809523808,0.3253012048192771,0.7407407407407407,,0.12048192771084337,0.5,0.4618320610687023,0.41935483870967744,0.48191755725190843,0.5667000000000001,0.47819457831325307,0.10915492957746478,0.12244897959183673,0.02564102564102564,0.17403314917127072,0.3397790055248619,9.382589285714285,25.27105263157895,0.35097276264591437,,,,,6.0,1.0,,0.014492753623188406,0.013888888888888888,,,,,,,,,1.0,0.02631578947368421,0.03225806451612903,,,,,10.0,,0.07692307692307693,,,,,2.0,,True
1628401,1610612759,Derrick White,Derrick White,1628401,SAS,55742.0,929,63.0,1980,1965,766.0,717.0,183.0,3945,61.0,101.0,2.0,6.0,20.0,40.0,34.0,72.0,11.0,30.0,6.0,13.0,5.0,30.0,90.0,9.0,13.0,44.0,106.0,203,36.0,103.0,115.0,435.0,2209,4.0,12.0,10.0,6.0,29.0,35.0,79.0,15.0,49.0,52.0,167.0,76.0,136.0,75.0,4.0,87.0,30.0,17.0,89.0,45.0,134.0,29.0,16.0,53.0,24.0,12.0,313.0,6.0,10.0,45.0,57.0,7.0,109.0,17.0,126,3.0,27.0,20.0,7.0,29.0,,18.0,8.0,1.0,11.0,2.0,37.0,1.0,10.0,46.0,92.0,3.0,1.0,129.0,15.0,4.0,18.0,130.0,18.0,54.0,4.0,14.0,30.0,4.0,2.0,14.0,15.0,34.0,17.0,1.0,163.0,755.0,14.0,9.0,0.3584905660377358,0.36538461538461536,0.6944444444444444,0.34951456310679613,0.30612244897959184,0.36,0.5221674876847291,0.3333333333333333,0.4430379746835443,0.5228758169934641,0.5227272727272727,0.44921875,0.6041666666666666,0.5576923076923077,0.5422077922077922,0.3366013071895425,0.08374384236453201,0.1188118811881188,18.161024702653247,0.7837837837837838,0.14893617021276595,0.11825726141078838,0.019417475728155338,0.10368663594470046,0.016260162601626018,0.11135371179039301,0.01809954751131222,0.01875,0.03317535545023697,,0.020134228187919462,,0.09473684210526316,0.12871287128712872,0.14444444444444443,0.11173184357541899,0.06578947368421052,0.022727272727272728,0.5,0.3300653594771242,0.6039603960396039,0.6853932584269663,0.3770491803278688,0.23529411764705882,0.4722222222222222,0.5,0.38235294117647056,0.09803921568627451,0.36666666666666664,0.3793103448275862,0.18181818181818182,0.042483660130718956,0.46153846153846156,0.46153846153846156,1.0,0.29411764705882354,0.3333333333333333,0.3333333333333333,0.6333333333333333,0.2727272727272727,0.3333333333333333,0.4090909090909091,0.3125,0.5,0.0390625,0.34375,0.29545454545454547,0.6666666666666666,0.3448275862068966,0.49854900990099,0.5163285714285715,0.47925160000000006,0.1676300578034682,0.22594142259414227,0.037383177570093455,0.06666666666666667,0.3839080459770115,6.404433497536947,26.261165048543692,0.38686868686868686,,1.0,2.0,5.0,33.0,2.0,0.5,0.05555555555555555,0.03333333333333333,0.045454545454545456,,,0.4,1.0,,,0.023255813953488372,,,,5.0,3.0,2.0,,,,0.5,0.5555555555555556,0.6,1.0,2.0,1.0,,True
200752,1610612759,Rudy Gay,Rudy Gay,200752,SAS,55576.0,926,125.0,1979,1956,711.0,608.0,183.0,3935,50.0,74.0,8.0,15.0,18.0,29.0,50.0,112.0,31.0,71.0,10.0,34.0,6.0,36.0,100.0,4.0,14.0,40.0,131.0,257,46.0,134.0,79.0,479.0,2133,15.0,30.0,7.0,11.0,47.0,45.0,90.0,16.0,46.0,45.0,183.0,138.0,124.0,114.0,14.0,100.0,36.0,12.0,53.0,24.0,77.0,15.0,9.0,39.0,7.0,7.0,178.0,8.0,27.0,85.0,96.0,14.0,195.0,38.0,233,11.0,16.0,12.0,4.0,32.0,7.0,16.0,27.0,5.0,16.0,5.0,59.0,8.0,20.0,34.0,63.0,6.0,5.0,69.0,1.0,2.0,4.0,92.0,8.0,36.0,3.0,9.0,21.0,,,15.0,4.0,21.0,15.0,2.0,183.0,707.0,6.0,9.0,0.5267175572519084,0.5564516129032258,0.8260869565217391,0.34328358208955223,0.34782608695652173,0.34328358208955223,0.5097276264591439,0.5,0.5,0.5115089514066496,0.4864864864864865,0.5073529411764706,0.5534883720930233,0.5595238095238095,0.5764331210191083,0.34271099744245526,0.04669260700389105,0.0945945945945946,22.41063244729606,0.5423728813559322,0.2916666666666667,0.19753086419753085,0.05075187969924812,0.195852534562212,0.022408963585434174,0.1967391304347826,0.03937007874015748,0.06451612903225806,0.05339805825242718,0.03508771929824561,0.017793594306049824,0.039473684210526314,0.24623115577889448,0.20765027322404372,0.08653846153846154,0.2,0.17721518987341772,0.05555555555555555,0.7142857142857143,0.18925831202046037,0.6756756756756757,0.746268656716418,0.6,0.2864450127877238,0.44642857142857145,0.46296296296296297,0.42,0.1815856777493606,0.43661971830985913,0.44285714285714284,0.5806451612903226,0.08695652173913043,0.29411764705882354,0.29411764705882354,0.9,0.2557544757033248,0.36,0.36,0.8055555555555556,0.40540540540540543,0.5333333333333333,0.10810810810810811,0.21323529411764705,0.6206896551724138,0.04411764705882353,0.29411764705882354,0.35,0.5319693094629157,0.36,0.48989190231362484,0.5029839285714286,0.4866414179104477,0.09263657957244656,0.12631578947368421,0.022058823529411766,0.09812108559498957,0.38204592901878914,9.509727626459146,25.27462686567164,0.3592723597776655,2.0,3.0,2.0,2.0,24.0,2.0,0.2857142857142857,0.03571428571428571,0.014084507042253521,0.08108108108108109,0.6666666666666666,1.0,0.3333333333333333,3.0,,,0.07317073170731707,,,,,,1.0,1.0,3.0,,0.25,,,,,2.0,1.0,True
1629002,1610612759,Chimezie Metu,Chimezie Metu,1629002,SAS,558.0,9,-7.0,19,19,6.0,,1.0,38,,,,,,,,2.0,,2.0,,,,,,,,,,4,,,,,20,,1.0,,,,,1.0,,,,,,,,,,,,,,,,,,,,,1.0,,,,,,1.0,1,,,,,1.0,,,1.0,,1.0,,2.0,,,,1.0,,1.0,,,,,,,,,,1.0,,,1.0,,1.0,1.0,2.0,,6.0,,,,,,,,,,,,,,,,,,,,,28.571428571428573,0.5,,,,,0.5,,0.1,,,,0.5,,,,,,,,1.0,,,,,0.5,,,,0.5,,,,,,,,,,,,,,,,,,,,,,0.42582499999999995,,0.4108,,,,,,13.525,,0.3157894736842105,,,,,,,,,,,,,,,,,,,,,,,,,,,,,,,,,,True
1629234,1610612759,Drew Eubanks,Drew Eubanks,1629234,SAS,4401.0,73,-14.0,161,161,33.0,57.0,18.0,322,9.0,10.0,4.0,4.0,1.0,1.0,4.0,7.0,,,,,,,,,,,13.0,17,,,5.0,31.0,204,4.0,4.0,,,8.0,1.0,1.0,,,3.0,5.0,18.0,8.0,,6.0,,,2.0,4.0,3.0,7.0,3.0,,2.0,,2.0,17.0,3.0,4.0,9.0,3.0,1.0,13.0,7.0,20,,2.0,1.0,1.0,1.0,2.0,,4.0,1.0,1.0,1.0,5.0,1.0,2.0,3.0,6.0,,,9.0,,,,7.0,1.0,3.0,,1.0,3.0,,,3.0,,3.0,1.0,,5.0,33.0,1.0,1.0,0.6923076923076923,0.9,,,,,0.7647058823529411,1.0,1.0,0.7647058823529411,1.0,1.0,0.775,1.0,0.8333333333333334,,0.11764705882352941,,13.88888888888889,0.2,0.16666666666666666,0.09090909090909091,0.10256410256410256,0.23076923076923078,0.1111111111111111,0.16666666666666666,0.10606060606060606,0.3,,0.09090909090909091,0.08695652173913043,0.25,0.11764705882352941,0.1111111111111111,,0.26666666666666666,0.1111111111111111,,0.3333333333333333,0.5882352941176471,0.9,0.9,0.5555555555555556,0.4117647058823529,0.5714285714285714,0.8,1.0,,,,,,,,,,,,,1.0,1.0,,1.0,1.0,,,,0.5882352941176471,,0.5225235294117647,0.6164666666666666,0.5756,0.15789473684210525,0.15789473684210525,,0.25806451612903225,0.16129032258064516,3.6176470588235294,,0.20496894409937888,,,,,,,,0.2857142857142857,,,,,,,,,,,,,,,,,,,,,,,,,,True
1629640,1610612759,Keldon Johnson,Keldon Johnson,1629640,SAS,4623.0,77,21.0,172,174,75.0,74.0,20.0,346,11.0,15.0,2.0,3.0,6.0,8.0,1.0,1.0,,,3.0,5.0,4.0,1.0,2.0,,,1.0,12.0,16,4.0,7.0,11.0,47.0,198,2.0,3.0,,2.0,6.0,7.0,9.0,2.0,5.0,,20.0,16.0,8.0,12.0,4.0,2.0,1.0,1.0,2.0,1.0,3.0,1.0,,,2.0,,7.0,1.0,3.0,6.0,3.0,1.0,10.0,4.0,14,1.0,4.0,2.0,2.0,1.0,,,1.0,1.0,1.0,,2.0,1.0,2.0,2.0,6.0,,,6.0,,,,11.0,1.0,6.0,,,,,,,,,,,20.0,75.0,4.0,,0.6666666666666666,0.8,1.0,0.5714285714285714,0.4,0.5714285714285714,0.75,0.6666666666666666,0.7777777777777778,0.782608695652174,0.6666666666666666,0.7142857142857143,0.8392857142857143,0.75,0.7142857142857143,0.30434782608695654,0.0625,0.06666666666666667,15.463917525773196,0.5,0.2,0.07692307692307693,0.07142857142857142,0.17647058823529413,0.038461538461538464,0.1232876712328767,0.058823529411764705,0.08333333333333333,0.058823529411764705,0.07692307692307693,,0.16666666666666666,0.05555555555555555,0.07692307692307693,0.125,0.2,0.1111111111111111,0.16666666666666666,,0.6521739130434783,0.7333333333333333,0.7857142857142857,0.6363636363636364,0.043478260869565216,1.0,1.0,1.0,,,,,0.21739130434782608,0.6,0.6,1.0,0.08695652173913043,0.5,0.5,1.0,1.0,0.6666666666666666,,0.5714285714285714,0.75,0.2857142857142857,0.07142857142857142,,0.9565217391304348,0.5,0.5990782608695653,0.6063999999999999,0.5900892857142858,0.21428571428571427,0.2857142857142857,,0.1276595744680851,0.425531914893617,2.20625,23.67142857142857,0.436046511627907,,,2.0,,,,,,,,,,0.5,,,1.0,,,,,,,,,,,,,,,,,,True
201960,1610612759,DeMarre Carroll,DeMarre Carroll,201960,SAS,5065.0,84,20.0,174,176,53.0,33.0,15.0,350,2.0,5.0,,2.0,1.0,1.0,1.0,5.0,,,1.0,1.0,1.0,2.0,6.0,,1.0,1.0,3.0,10,3.0,7.0,6.0,21.0,187,,2.0,,2.0,2.0,1.0,3.0,2.0,2.0,5.0,13.0,6.0,,9.0,,6.0,2.0,2.0,2.0,4.0,6.0,2.0,2.0,1.0,,1.0,16.0,2.0,2.0,8.0,8.0,1.0,17.0,4.0,21,1.0,2.0,1.0,1.0,1.0,1.0,1.0,5.0,,,1.0,6.0,,1.0,5.0,12.0,1.0,3.0,4.0,,,,8.0,,4.0,,,2.0,,,2.0,,2.0,2.0,,13.0,53.0,,,1.0,1.0,1.0,0.42857142857142855,1.0,0.42857142857142855,0.3,,0.3333333333333333,0.4411764705882353,,0.8,0.5,0.3333333333333333,0.8125,0.4117647058823529,0.2,0.4,13.917525773195877,0.16666666666666666,0.2,0.1702127659574468,0.046511627906976744,0.21621621621621623,0.06451612903225806,0.19047619047619047,0.05405405405405406,,0.058823529411764705,0.07142857142857142,0.07142857142857142,,0.05263157894736842,0.2,0.3076923076923077,0.21875,0.2,0.1111111111111111,1.0,0.29411764705882354,0.4,0.6666666666666666,1.0,0.29411764705882354,0.2,0.2,1.0,,,,,0.058823529411764705,1.0,1.0,1.0,0.35294117647058826,0.3333333333333333,0.3333333333333333,1.0,1.0,,,0.2,1.0,0.2,0.2,1.0,0.7058823529411765,0.3333333333333333,0.5371264705882353,0.6261,0.5237700000000001,0.19047619047619047,0.2857142857142857,,0.09523809523809523,0.6190476190476191,4.7299999999999995,24.914285714285715,0.3045977011494253,,,1.0,,,,,,,,,,1.0,,,,,,,,,,,,,,,,,,,,,True
1629683,1610612759,Quinndary Weatherspoon,Quinndary Weatherspoon,1629683,SAS,1071.0,18,7.0,39,41,8.0,13.0,8.0,80,,1.0,,,,,,,,,,,,,1.0,,,,,1,,1.0,,,43,,,,,,,,,,,,,,,,1.0,,,1.0,2.0,3.0,1.0,1.0,1.0,,,8.0,,,,2.0,,2.0,,2,,,,,1.0,,1.0,,,,,1.0,1.0,,,,,,,,,,,,,,,1.0,,,,1.0,1.0,1.0,1.0,,8.0,,,,,,,,,,,,,,,,,,0.5,,,6.25,1.0,,0.2,,,,0.09523809523809523,,,,,,,0.2,,1.0,,,,1.0,0.5,,,,,,,,,,,,,,,,0.5,,,,,,,,,,,,1.0,,0.646175,,,,,,,,0.8,25.6,0.20512820512820512,,,,,,,,,,,,,,,,,,,,,,,,,,,,,,,,,,True
203092,1610612759,Tyler Zeller,Tyler Zeller,203092,SAS,76.0,1,3.0,2,3,,3.0,,5,1.0,1.0,,,,,,,,,,,,,,,,,1.0,1,,,,2.0,1,,,,,,,,,,,,2.0,,,,,,,,,,,,,,,,,,,1.0,,1.0,,1,,,,,,,,,,,,,,,,,,,,,,,,,,,,,,,,,,,,,,,,1.0,1.0,,,,,1.0,,,1.0,,,1.0,,,,,,50.0,,,0.5,,,,0.5,,,,,,,,1.0,,,,,,1.0,1.0,1.0,1.0,,,,,,,,,,,,,,,,,,,,,,,,,1.0,,0.4054,,,,,,,,3.3,,,,,,,,,,,,,,,,,,,,,,,,,,,,,,,,,,,,True
1626168,1610612759,Trey Lyles,Trey Lyles,1626168,SAS,57944.0,966,-70.0,1969,1973,190.0,212.0,173.0,3942,43.0,65.0,10.0,19.0,3.0,3.0,14.0,37.0,9.0,23.0,21.0,42.0,3.0,32.0,85.0,4.0,1.0,4.0,66.0,125,53.0,127.0,20.0,311.0,2276,13.0,23.0,5.0,1.0,30.0,6.0,11.0,2.0,7.0,4.0,22.0,106.0,26.0,159.0,14.0,85.0,32.0,12.0,38.0,13.0,51.0,12.0,1.0,18.0,9.0,11.0,115.0,23.0,25.0,99.0,113.0,16.0,228.0,48.0,276,5.0,17.0,12.0,5.0,14.0,5.0,12.0,11.0,2.0,2.0,2.0,25.0,6.0,2.0,43.0,75.0,4.0,1.0,30.0,,6.0,1.0,29.0,4.0,14.0,1.0,2.0,15.0,,,8.0,6.0,15.0,8.0,1.0,22.0,190.0,4.0,2.0,0.803030303030303,0.8983050847457628,1.0,0.41732283464566927,0.2857142857142857,0.41732283464566927,0.528,0.5652173913043478,0.5454545454545454,0.5773809523809523,0.5178571428571429,0.5,0.5890151515151515,0.5,0.55,0.503968253968254,0.096,0.1076923076923077,13.410672853828306,0.56,0.3333333333333333,0.218568665377176,0.043478260869565216,0.25063291139240507,0.06725146198830409,0.2324561403508772,0.05234460196292257,0.047619047619047616,0.025974025974025976,0.05963302752293578,0.06273062730627306,0.08450704225352113,0.12777777777777777,0.2372093023255814,0.319672131147541,0.2508038585209003,0.25,0.04132231404958678,0.5333333333333333,0.25793650793650796,0.6615384615384615,0.7413793103448276,0.7441860465116279,0.14682539682539683,0.3783783783783784,0.4375,0.9285714285714286,0.09126984126984126,0.391304347826087,0.391304347826087,0.8888888888888888,0.16666666666666666,0.5,0.5,1.0,0.3373015873015873,0.3764705882352941,0.3764705882352941,1.0,0.6785714285714286,0.5263157894736842,0.14285714285714285,0.16666666666666666,1.0,0.16666666666666666,0.2222222222222222,0.25,0.7619047619047619,0.3764705882352941,0.5523706349206349,0.5630468750000001,0.5014194444444444,0.05725190839694656,0.1037037037037037,0.007874015748031496,0.09646302250803858,0.0707395498392283,6.5008,24.796062992125986,0.09649568308786186,,1.0,1.0,1.0,,1.0,0.2,0.13513513513513514,,0.03571428571428571,,,0.3333333333333333,,,,,,,,1.0,,,1.0,,,0.2,0.25,1.0,,,1.0,,False
1627749,1610612759,Dejounte Murray,Dejounte Murray,1627749,SAS,80693.0,1345,-188.0,2760,2771,297.0,357.0,243.0,5531,83.0,158.0,8.0,20.0,6.0,19.0,64.0,136.0,55.0,130.0,12.0,29.0,2.0,20.0,58.0,7.0,1.0,6.0,202.0,424,32.0,87.0,57.0,557.0,3251,14.0,33.0,8.0,1.0,35.0,13.0,49.0,3.0,8.0,14.0,49.0,106.0,298.0,96.0,18.0,58.0,20.0,30.0,143.0,76.0,219.0,58.0,18.0,64.0,38.0,41.0,514.0,27.0,22.0,106.0,124.0,8.0,238.0,50.0,288,6.0,74.0,49.0,25.0,55.0,10.0,35.0,43.0,16.0,20.0,2.0,98.0,5.0,12.0,46.0,118.0,2.0,3.0,76.0,,3.0,9.0,78.0,11.0,38.0,1.0,5.0,12.0,1.0,1.0,4.0,8.0,13.0,8.0,,45.0,293.0,11.0,3.0,0.2623762376237624,0.27461139896373055,1.0,0.367816091954023,0.375,0.367816091954023,0.47641509433962265,0.42424242424242425,0.2653061224489796,0.4892367906066536,0.4146341463414634,0.30701754385964913,0.5119485294117647,0.4166666666666667,0.3769230769230769,0.17025440313111545,0.07075471698113207,0.10759493670886076,21.16018457481872,0.5612244897959183,0.11267605633802817,0.17739628040057226,0.02579132473622509,0.1906474820143885,0.06221198156682028,0.18326693227091634,0.03807303807303807,0.04128440366972477,0.028037383177570093,0.012738853503184714,0.05813953488372093,0.07777777777777778,0.11295681063122924,0.19771863117870722,0.2814814814814815,0.20276497695852536,0.14754098360655737,0.024390243902439025,0.6153846153846154,0.30919765166340507,0.5253164556962026,0.5886524822695035,0.3132530120481928,0.26614481409001955,0.47058823529411764,0.5203252032520326,0.1875,0.25440313111545987,0.4230769230769231,0.4230769230769231,0.2727272727272727,0.05675146771037182,0.41379310344827586,0.42857142857142855,1.0,0.11350293542074363,0.3448275862068966,0.3448275862068966,1.0,0.4878048780487805,0.4,0.17073170731707318,0.3333333333333333,0.3157894736842105,0.03508771929824561,0.10526315789473684,0.16666666666666666,0.4794520547945205,0.3448275862068966,0.5035252446183953,0.5105568181818182,0.48679473684210517,0.07235621521335807,0.08425720620842572,0.011363636363636364,0.06283662477558348,0.08797127468581688,8.800235849056605,24.808045977011496,0.10760869565217392,1.0,1.0,2.0,2.0,,6.0,0.25,0.09558823529411764,,0.024390243902439025,1.0,1.0,1.0,1.0,,,0.015384615384615385,1.0,0.011494252873563218,,1.0,,3.0,,,0.034482758620689655,0.125,0.14285714285714285,1.0,,,,,False
1627751,1610612759,Jakob Poeltl,Jakob Poeltl,1627751,SAS,30395.0,507,11.0,1053,1055,114.0,106.0,100.0,2108,50.0,84.0,12.0,28.0,7.0,10.0,16.0,30.0,1.0,2.0,,,,,,,,,67.0,116,,,11.0,145.0,1229,15.0,31.0,,4.0,34.0,7.0,12.0,,,2.0,16.0,108.0,26.0,,16.0,,,11.0,30.0,15.0,45.0,14.0,1.0,12.0,6.0,12.0,105.0,9.0,45.0,35.0,49.0,11.0,95.0,55.0,150,6.0,17.0,13.0,4.0,8.0,2.0,6.0,15.0,1.0,2.0,1.0,23.0,2.0,4.0,36.0,60.0,8.0,10.0,36.0,2.0,7.0,4.0,24.0,5.0,12.0,,3.0,34.0,2.0,1.0,28.0,6.0,36.0,21.0,,16.0,112.0,2.0,1.0,0.8059701492537313,0.9152542372881356,,,,,0.5775862068965517,0.4838709677419355,0.5833333333333334,0.5775862068965517,0.4838709677419355,0.5833333333333334,0.5753968253968254,0.4857142857142857,0.6153846153846154,,0.09482758620689655,0.09523809523809523,12.660393498716852,0.34782608695652173,0.3142857142857143,0.17375886524822695,0.14376996805111822,0.16203703703703703,0.06206896551724138,0.1686746987951807,0.11790393013100436,0.21505376344086022,0.06363636363636363,0.16363636363636364,0.045871559633027525,0.1111111111111111,0.15827338129496402,0.2,0.16666666666666666,0.15606936416184972,0.18604651162790697,0.15789473684210525,0.5833333333333334,0.7241379310344828,0.5952380952380952,0.6578947368421053,0.78,0.25862068965517243,0.5333333333333333,0.5714285714285714,0.875,0.017241379310344827,0.5,1.0,1.0,,,,,,,,,0.9032258064516129,0.42857142857142855,,0.8333333333333334,0.7,,,,0.7241379310344828,,0.5478706896551724,0.5690642857142857,0.5418666666666666,0.0975609756097561,0.0975609756097561,,0.23448275862068965,0.1103448275862069,3.3913793103448278,,0.10826210826210826,,,,,,1.0,,0.06666666666666667,0.5,,,,,1.0,,,0.034482758620689655,,,,,,,,,,0.3333333333333333,,,,1.0,,,False
1627854,1610612759,Bryn Forbes,Bryn Forbes,1627854,SAS,84695.0,1412,-204.0,2878,2871,296.0,368.0,243.0,5749,25.0,35.0,3.0,3.0,5.0,5.0,22.0,56.0,32.0,80.0,13.0,34.0,5.0,122.0,307.0,19.0,12.0,30.0,79.0,171,135.0,341.0,65.0,628.0,3363,7.0,11.0,23.0,5.0,55.0,8.0,15.0,14.0,35.0,5.0,63.0,116.0,42.0,375.0,4.0,306.0,122.0,17.0,69.0,28.0,97.0,20.0,8.0,35.0,16.0,18.0,222.0,5.0,5.0,50.0,51.0,2.0,103.0,10.0,113,3.0,27.0,19.0,8.0,26.0,3.0,15.0,22.0,3.0,11.0,8.0,48.0,3.0,5.0,50.0,100.0,2.0,6.0,47.0,,2.0,3.0,79.0,3.0,17.0,18.0,1.0,,,,,,,,,63.0,294.0,4.0,1.0,0.7341772151898734,0.7532467532467533,0.9259259259259259,0.39589442815249265,0.4,0.39705882352941174,0.4619883040935672,0.6363636363636364,0.5333333333333333,0.5498046875,0.7352941176470589,0.58,0.5804066543438078,0.7638888888888888,0.6057692307692307,0.666015625,0.09941520467836257,0.08571428571428572,18.734096692111958,0.5416666666666666,0.025974025974025976,0.06563706563706563,0.00576036866359447,0.08992805755395683,0.01026694045174538,0.07576894223555888,0.007380073800738007,0.00966183574879227,0.005988023952095809,0.0030581039755351682,0.010256410256410256,0.010309278350515464,0.06690140845070422,0.040372670807453416,0.1111111111111111,0.09360730593607305,0.07627118644067797,0.01090909090909091,,0.068359375,0.7142857142857143,0.78125,0.76,0.109375,0.39285714285714285,0.5,0.8181818181818182,0.15625,0.4,0.41025641025641024,0.65625,0.06640625,0.38235294117647056,0.3939393939393939,1.0,0.599609375,0.3973941368078176,0.40264026402640263,0.9180327868852459,0.08823529411764706,1.0,0.5588235294117647,0.1,1.0,0.1,0.6,0.4,0.734375,0.39869281045751637,0.5180977495107632,0.5334076923076924,0.528405,0.06481481481481481,0.0918918918918919,0.05070422535211268,0.0875796178343949,0.10031847133757962,12.093567251461993,25.78592375366569,0.10284920083391244,3.0,4.0,2.0,12.0,30.0,,0.5217391304347826,0.21428571428571427,0.025,0.11764705882352941,0.75,1.0,0.4,,,,,5.0,0.01466275659824047,0.013029315960912053,9.0,1.0,2.0,4.0,,0.029411764705882353,1.0,0.47368421052631576,0.8888888888888888,,,,,False
1628401,1610612759,Derrick White,Derrick White,1628401,SAS,44859.0,748,-21.0,1551,1553,268.0,292.0,143.0,3104,36.0,64.0,4.0,9.0,5.0,12.0,20.0,43.0,12.0,26.0,7.0,22.0,3.0,36.0,91.0,8.0,7.0,14.0,68.0,133,43.0,113.0,65.0,330.0,1729,6.0,15.0,8.0,6.0,27.0,11.0,24.0,7.0,17.0,16.0,59.0,58.0,78.0,117.0,6.0,91.0,36.0,10.0,79.0,28.0,107.0,20.0,8.0,34.0,23.0,22.0,242.0,3.0,15.0,44.0,32.0,3.0,79.0,18.0,97,4.0,17.0,11.0,6.0,35.0,7.0,23.0,17.0,,12.0,5.0,52.0,2.0,6.0,38.0,60.0,,1.0,86.0,15.0,5.0,5.0,81.0,7.0,34.0,2.0,8.0,24.0,1.0,1.0,8.0,16.0,25.0,13.0,1.0,56.0,263.0,4.0,6.0,0.4264705882352941,0.4461538461538462,0.9069767441860465,0.3805309734513274,0.4117647058823529,0.3805309734513274,0.5112781954887218,0.4,0.4583333333333333,0.5386178861788617,0.45652173913043476,0.524390243902439,0.5851063829787234,0.5,0.5566037735849056,0.45934959349593496,0.07518796992481203,0.09375,19.47521865889213,0.6730769230769231,0.06382978723404255,0.07901234567901234,0.03409090909090909,0.1317365269461078,0.010948905109489052,0.10284167794316644,0.025210084033613446,0.030303030303030304,0.03125,0.04054054054054054,0.015228426395939087,,0.11643835616438356,0.04046242774566474,0.09302325581395349,0.14074074074074075,0.09375,0.03278688524590164,0.52,0.2601626016260163,0.5625,0.6206896551724138,0.4722222222222222,0.17479674796747968,0.46511627906976744,0.5128205128205128,0.4,0.10569105691056911,0.46153846153846156,0.46153846153846156,0.3333333333333333,0.08943089430894309,0.3181818181818182,0.3181818181818182,1.0,0.3699186991869919,0.3956043956043956,0.3956043956043956,0.8888888888888888,0.391304347826087,0.4444444444444444,0.34782608695652173,0.2926829268292683,0.4166666666666667,0.07317073170731707,0.34146341463414637,0.5,0.7195121951219512,0.3956043956043956,0.5172609756097563,0.5005833333333333,0.49806707317073173,0.13138686131386862,0.2125,0.017543859649122806,0.08181818181818182,0.1787878787878788,7.121804511278194,25.523008849557517,0.17279174725983237,,,,3.0,12.0,,0.375,0.09302325581395349,,,,,,,,,,,,,3.0,,4.0,1.0,,,0.25,0.375,1.0,,,,,False
1629022,1610612759,Lonnie Walker IV,Lonnie Walker IV,1629022,SAS,30818.0,514,-50.0,1073,1066,210.0,181.0,96.0,2139,36.0,64.0,4.0,7.0,5.0,13.0,12.0,34.0,11.0,39.0,2.0,16.0,2.0,16.0,41.0,3.0,2.0,7.0,59.0,137,18.0,57.0,21.0,193.0,1226,4.0,9.0,5.0,,11.0,7.0,27.0,2.0,9.0,3.0,23.0,68.0,50.0,51.0,2.0,40.0,16.0,6.0,24.0,16.0,40.0,11.0,5.0,14.0,5.0,5.0,96.0,3.0,6.0,30.0,21.0,2.0,53.0,10.0,63,,16.0,14.0,2.0,15.0,2.0,8.0,13.0,1.0,7.0,1.0,28.0,1.0,5.0,20.0,40.0,1.0,,25.0,,1.0,2.0,29.0,5.0,17.0,,,9.0,,,5.0,3.0,9.0,3.0,,23.0,203.0,5.0,,0.576271186440678,0.5862068965517241,0.9444444444444444,0.3157894736842105,0.2222222222222222,0.32142857142857145,0.4306569343065693,0.4444444444444444,0.25925925925925924,0.44329896907216493,0.39285714285714285,0.2777777777777778,0.4684466019417476,0.39285714285714285,0.2948717948717949,0.29381443298969073,0.043795620437956206,0.078125,19.83050847457627,0.5357142857142857,0.07142857142857142,0.08015267175572519,0.01910828025477707,0.125,0.018292682926829267,0.10159362549800798,0.01882845188284519,0.01020408163265306,0.01834862385321101,0.028037383177570093,0.017699115044247787,0.0196078431372549,0.031746031746031744,0.10752688172043011,0.16279069767441862,0.13020833333333334,0.10416666666666667,,0.3333333333333333,0.32989690721649484,0.5625,0.6101694915254238,0.6111111111111112,0.17525773195876287,0.35294117647058826,0.36363636363636365,0.5,0.20103092783505155,0.28205128205128205,0.28205128205128205,0.5454545454545454,0.08247422680412371,0.125,0.125,1.0,0.211340206185567,0.3902439024390244,0.3902439024390244,0.9375,0.5,0.5714285714285714,0.21428571428571427,0.3611111111111111,0.38461538461538464,0.05555555555555555,0.19444444444444445,0.2857142857142857,0.6237113402061856,0.4,0.5330650259067357,0.5409875000000001,0.5295400000000001,0.0825242718446602,0.11409395973154363,,0.05699481865284974,0.11917098445595854,7.55912408759124,25.545614035087727,0.195712954333644,,2.0,,1.0,3.0,4.0,0.2,0.029411764705882353,,0.14285714285714285,,,,1.0,,1.0,0.02857142857142857,,,,1.0,1.0,4.0,,,,0.75,0.3333333333333333,1.0,,,1.0,,False
201158,1610612759,Marco Belinelli,Marco Belinelli,201158,SAS,24705.0,412,-140.0,860,872,198.0,163.0,82.0,1732,9.0,14.0,1.0,3.0,,1.0,2.0,7.0,15.0,39.0,11.0,23.0,4.0,24.0,68.0,6.0,5.0,12.0,26.0,60,35.0,91.0,21.0,178.0,1042,1.0,4.0,8.0,5.0,16.0,3.0,11.0,8.0,16.0,14.0,44.0,42.0,10.0,99.0,2.0,68.0,24.0,2.0,19.0,4.0,23.0,2.0,2.0,6.0,5.0,8.0,50.0,1.0,4.0,12.0,13.0,3.0,28.0,5.0,33,1.0,5.0,2.0,3.0,2.0,1.0,,4.0,,2.0,2.0,6.0,1.0,3.0,13.0,23.0,,,24.0,,,4.0,24.0,1.0,6.0,1.0,4.0,,,,,,,,,40.0,194.0,2.0,2.0,0.8076923076923077,0.84,0.9428571428571428,0.38461538461538464,0.5,0.38461538461538464,0.43333333333333335,0.25,0.2727272727272727,0.5198675496688742,0.4583333333333333,0.5555555555555556,0.546583850931677,0.5714285714285714,0.6323529411764706,0.6026490066225165,0.03333333333333333,,17.25206611570248,0.3333333333333333,0.09090909090909091,0.06467661691542288,0.014545454545454545,0.06557377049180328,0.007246376811594203,0.06510416666666667,0.012106537530266344,0.024096385542168676,0.010309278350515464,0.010526315789473684,0.009174311926605505,,0.07526881720430108,0.05194805194805195,0.06451612903225806,0.06206896551724138,0.07894736842105263,0.011494252873563218,,0.09271523178807947,0.6428571428571429,0.6428571428571429,0.7777777777777778,0.046357615894039736,0.2857142857142857,0.4,1.0,0.2582781456953642,0.38461538461538464,0.38461538461538464,0.8,0.152317880794702,0.4782608695652174,0.5,1.0,0.4503311258278146,0.35294117647058826,0.35294117647058826,0.9166666666666666,0.25,0.3333333333333333,0.5,0.037037037037037035,,0.14814814814814814,0.4444444444444444,0.4166666666666667,0.695364238410596,0.35294117647058826,0.5093688741721855,0.5347714285714286,0.4919777777777778,0.044585987261146494,0.09230769230769231,0.010869565217391304,0.0898876404494382,0.24719101123595505,14.428333333333335,25.37252747252747,0.2302325581395349,1.0,2.0,3.0,3.0,6.0,1.0,0.375,0.2857142857142857,,0.16666666666666666,0.5,1.0,0.75,,,,,1.0,0.01098901098901099,,2.0,,,,2.0,0.043478260869565216,,0.3333333333333333,1.0,1.0,,,,False
201942,1610612759,DeMar DeRozan,DeMar DeRozan,201942,SAS,92186.0,1536,-144.0,3146,3153,393.0,474.0,269.0,6299,123.0,166.0,7.0,11.0,19.0,25.0,130.0,265.0,94.0,203.0,2.0,7.0,,3.0,12.0,1.0,,4.0,347.0,634,5.0,19.0,229.0,938.0,3660,24.0,40.0,1.0,16.0,64.0,45.0,80.0,,4.0,50.0,140.0,206.0,488.0,15.0,4.0,10.0,3.0,35.0,116.0,140.0,256.0,104.0,36.0,60.0,30.0,26.0,652.0,5.0,19.0,85.0,98.0,20.0,203.0,25.0,228,7.0,44.0,33.0,11.0,63.0,6.0,34.0,38.0,8.0,29.0,9.0,101.0,4.0,14.0,49.0,103.0,3.0,6.0,205.0,1.0,5.0,4.0,269.0,32.0,134.0,,11.0,14.0,,,7.0,7.0,14.0,7.0,,138.0,385.0,7.0,7.0,0.2968299711815562,0.2985507246376812,1.0,0.2631578947368421,,0.29411764705882354,0.5473186119873817,0.6,0.5625,0.5428790199081164,0.5853658536585366,0.5357142857142857,0.6057441253263708,0.6428571428571429,0.6272727272727273,0.02909647779479326,0.055205047318611984,0.08433734939759036,25.108727167294866,0.6237623762376238,0.2247191011235955,0.11821471652593486,0.02023429179978701,0.13449367088607594,0.009560229445506692,0.12525667351129363,0.016415868673050615,0.03361344537815126,0.016483516483516484,0.01483679525222552,0.009852216748768473,0.008547008547008548,0.090625,0.14759036144578314,0.11299435028248588,0.13663366336633664,0.12598425196850394,0.02681992337164751,0.5,0.2542113323124043,0.7409638554216867,0.8092105263157895,0.2845528455284553,0.4058192955589586,0.49056603773584906,0.5306122448979592,0.23846153846153847,0.3108728943338438,0.4630541871921182,0.46534653465346537,0.39361702127659576,0.010719754977029096,0.2857142857142857,0.2857142857142857,1.0,0.018376722817764167,0.25,0.25,1.0,0.2682926829268293,0.6363636363636364,0.024390243902439025,0.2976190476190476,0.76,,0.047619047619047616,,0.2833078101071976,0.3,0.4659809523809525,0.4392306451612903,0.46715548780487803,0.17748344370860927,0.18206521739130435,,0.06823027718550106,0.14925373134328357,9.928864353312305,28.157894736842106,0.1249205340114431,,,,,,2.0,,0.07547169811320754,0.0049261083743842365,,,,,1.0,,,0.01639344262295082,,,,,2.0,5.0,,12.0,,0.5714285714285714,,,,,,,False
200746,1610612759,LaMarcus Aldridge,LaMarcus Aldridge,200746,SAS,68343.0,1139,-112.0,2311,2310,250.0,290.0,201.0,4621,65.0,102.0,23.0,37.0,11.0,17.0,67.0,133.0,77.0,177.0,7.0,22.0,5.0,37.0,97.0,5.0,3.0,5.0,209.0,412,44.0,119.0,89.0,639.0,2650,29.0,54.0,6.0,12.0,73.0,23.0,40.0,4.0,10.0,15.0,73.0,256.0,162.0,129.0,40.0,96.0,37.0,14.0,47.0,32.0,79.0,30.0,2.0,10.0,12.0,25.0,190.0,21.0,38.0,74.0,99.0,10.0,183.0,59.0,242,12.0,27.0,16.0,11.0,14.0,3.0,5.0,31.0,4.0,9.0,7.0,45.0,,7.0,51.0,87.0,4.0,15.0,102.0,,3.0,1.0,110.0,13.0,49.0,3.0,8.0,56.0,,,33.0,22.0,56.0,28.0,1.0,72.0,248.0,4.0,7.0,0.6124401913875598,0.6772486772486772,0.9772727272727273,0.3697478991596639,0.4,0.3728813559322034,0.5072815533980582,0.5370370370370371,0.575,0.5178907721280602,0.5083333333333333,0.58,0.5519930675909879,0.553030303030303,0.6083333333333333,0.224105461393597,0.03398058252427184,0.0784313725490196,24.546172059984215,0.3111111111111111,0.17857142857142858,0.15993537964458804,0.05475504322766571,0.16052060737527116,0.05172413793103448,0.16018518518518518,0.053636363636363635,0.10365853658536585,0.03875968992248062,0.04044117647058824,0.04716981132075472,0.06818181818181818,0.19289340101522842,0.1449814126394052,0.1437908496732026,0.1331521739130435,0.26881720430107525,0.045627376425855515,0.5,0.192090395480226,0.6372549019607843,0.6914893617021277,0.5846153846153846,0.2504708097928437,0.5037593984962406,0.5193798449612403,0.417910447761194,0.3333333333333333,0.4350282485875706,0.44,0.8051948051948052,0.04143126177024482,0.3181818181818182,0.3181818181818182,1.0,0.18267419962335216,0.38144329896907214,0.38144329896907214,0.972972972972973,0.6166666666666667,0.6216216216216216,0.08333333333333333,0.34,0.6470588235294118,0.1,0.1,0.6,0.416195856873823,0.3854166666666667,0.47569764150943394,0.5378820512820514,0.4934700000000001,0.0913884007029877,0.109375,0.024793388429752067,0.11424100156494522,0.11424100156494522,11.479611650485436,25.59243697478992,0.1081782778018174,,1.0,1.0,1.0,3.0,,0.16666666666666666,0.03007518796992481,0.011299435028248588,0.016666666666666666,,,0.2,,,2.0,,,,,1.0,1.0,,1.0,2.0,,0.13043478260869565,0.2,1.0,,,1.0,1.0,False
1629002,1610612759,Chimezie Metu,Chimezie Metu,1629002,SAS,5757.0,96,-2.0,206,199,77.0,70.0,24.0,405,13.0,17.0,5.0,8.0,5.0,9.0,7.0,11.0,4.0,8.0,,,,,2.0,,,,24.0,36,,2.0,10.0,58.0,219,5.0,8.0,,2.0,12.0,12.0,17.0,,,5.0,29.0,34.0,14.0,,10.0,2.0,,2.0,6.0,4.0,10.0,4.0,,1.0,3.0,2.0,24.0,2.0,9.0,9.0,8.0,4.0,21.0,11.0,32,,3.0,2.0,1.0,3.0,,2.0,5.0,2.0,1.0,,8.0,,1.0,2.0,6.0,2.0,,8.0,,,,13.0,1.0,5.0,,2.0,5.0,,,4.0,1.0,5.0,4.0,3.0,29.0,77.0,,2.0,0.7083333333333334,0.8947368421052632,,,,,0.6666666666666666,0.625,0.7058823529411765,0.631578947368421,0.625,0.7058823529411765,0.6590909090909091,0.6666666666666666,0.6904761904761905,0.05263157894736842,0.05555555555555555,0.11764705882352941,21.666666666666668,0.375,0.6666666666666666,0.18181818181818182,0.13432835820895522,0.16981132075471697,0.07407407407407407,0.17525773195876287,0.11702127659574468,0.17391304347826086,0.125,0.1,,0.3333333333333333,0.21052631578947367,0.15789473684210525,0.16666666666666666,0.19047619047619047,0.09090909090909091,,0.8,0.4473684210526316,0.7647058823529411,0.8666666666666667,0.6153846153846154,0.2894736842105263,0.6363636363636364,0.6363636363636364,0.8571428571428571,0.21052631578947367,0.5,0.5,0.75,,,,,0.05263157894736842,,,,1.0,0.625,,0.5294117647058824,0.5555555555555556,,,,0.5,,0.5217697368421053,0.6151875,0.5250294117647059,0.11904761904761904,0.125,,0.20689655172413793,0.5,7.566666666666666,25.25,0.3737864077669903,,,,,,2.0,,,,,,,,,1.0,,,,,,,,,,,,,,,,,,,False
1629234,1610612759,Drew Eubanks,Drew Eubanks,1629234,SAS,11932.0,199,-57.0,431,434,126.0,96.0,38.0,865,16.0,26.0,6.0,12.0,5.0,11.0,12.0,19.0,1.0,4.0,1.0,1.0,,,,,,,29.0,49,1.0,1.0,15.0,76.0,482,7.0,13.0,,5.0,19.0,7.0,15.0,,,4.0,18.0,40.0,18.0,3.0,10.0,,,6.0,3.0,5.0,8.0,3.0,2.0,2.0,,1.0,21.0,6.0,14.0,22.0,17.0,5.0,44.0,21.0,65,3.0,3.0,2.0,1.0,9.0,,7.0,7.0,1.0,2.0,,16.0,2.0,4.0,21.0,31.0,,5.0,19.0,1.0,2.0,1.0,19.0,,8.0,,2.0,13.0,1.0,1.0,7.0,6.0,14.0,9.0,,18.0,126.0,,2.0,0.6896551724137931,0.8333333333333334,1.0,1.0,,1.0,0.5918367346938775,0.5384615384615384,0.4666666666666667,0.61,0.5384615384615384,0.4666666666666667,0.6333333333333333,0.5588235294117647,0.5,0.02,0.12244897959183673,0.19230769230769232,16.0337552742616,0.5625,0.3125,0.18681318681318682,0.1037037037037037,0.23655913978494625,0.10344827586206896,0.21195652173913043,0.10362694300518134,0.15384615384615385,0.10638297872340426,0.061224489795918366,0.08163265306122448,0.2222222222222222,0.28205128205128205,0.1111111111111111,0.125,0.2857142857142857,0.08695652173913043,0.21428571428571427,0.6428571428571429,0.52,0.6153846153846154,0.7619047619047619,0.625,0.38,0.631578947368421,0.6666666666666666,0.8333333333333334,0.08,0.25,0.25,,0.02,1.0,1.0,1.0,,,,,0.9230769230769231,0.5,,0.7333333333333333,0.45454545454545453,,,,0.54,,0.501943,0.6071545454545455,0.5107933333333333,0.13793103448275862,0.14035087719298245,,0.25,0.23684210526315788,5.424489795918366,22.6,0.2923433874709977,,,,,,,,0.05263157894736842,,,,,,1.0,,1.0,0.07692307692307693,,,,,,,,,,0.16666666666666666,,,,,,,False
200752,1610612759,Rudy Gay,Rudy Gay,200752,SAS,32061.0,534,-113.0,1117,1119,236.0,285.0,101.0,2236,24.0,35.0,6.0,8.0,4.0,6.0,19.0,51.0,18.0,33.0,9.0,28.0,4.0,19.0,58.0,2.0,6.0,15.0,61.0,119,28.0,86.0,41.0,247.0,1290,9.0,12.0,4.0,12.0,33.0,11.0,19.0,7.0,19.0,12.0,55.0,50.0,72.0,75.0,12.0,58.0,19.0,10.0,26.0,11.0,37.0,8.0,3.0,12.0,8.0,6.0,85.0,8.0,15.0,42.0,51.0,13.0,106.0,23.0,129,7.0,19.0,17.0,2.0,20.0,2.0,7.0,9.0,2.0,13.0,4.0,29.0,2.0,7.0,21.0,40.0,2.0,,38.0,,1.0,3.0,44.0,1.0,20.0,1.0,2.0,12.0,,,8.0,4.0,12.0,7.0,1.0,55.0,228.0,5.0,2.0,0.4098360655737705,0.45454545454545453,0.8928571428571429,0.32558139534883723,0.3684210526315789,0.32558139534883723,0.5126050420168067,0.75,0.5789473684210527,0.5024390243902439,0.65625,0.5657894736842105,0.5464601769911505,0.75,0.625,0.4195121951219512,0.08403361344537816,0.14285714285714285,20.54794520547945,0.6896551724137931,0.3939393939393939,0.17465753424657535,0.0436046511627907,0.18834080717488788,0.0427807486631016,0.18058252427184465,0.04331450094161959,0.02702702702702703,0.06299212598425197,0.03773584905660377,0.0273972602739726,0.0975609756097561,0.12195121951219512,0.2222222222222222,0.19230769230769232,0.21714285714285714,0.08333333333333333,0.0660377358490566,0.5833333333333334,0.17073170731707318,0.6857142857142857,0.8,0.375,0.24878048780487805,0.37254901960784315,0.40425531914893614,0.2631578947368421,0.16097560975609757,0.5454545454545454,0.5625,0.6111111111111112,0.13658536585365855,0.32142857142857145,0.32142857142857145,1.0,0.28292682926829266,0.3275862068965517,0.3275862068965517,0.8421052631578947,0.5,0.75,0.125,0.15789473684210525,0.6666666666666666,0.10526315789473684,0.39473684210526316,0.4,0.5902439024390244,0.3275862068965517,0.498340731707317,0.5446884615384616,0.49943157894736834,0.09375,0.14492753623188406,0.011627906976744186,0.13360323886639677,0.22267206477732793,9.510924369747901,25.066279069767447,0.21128021486123547,1.0,2.0,1.0,1.0,9.0,,0.25,0.0784313725490196,0.030303030303030304,0.125,0.5,1.0,0.25,,,,,,,,,,1.0,1.0,,,,,,,,,,False
201960,1610612759,DeMarre Carroll,DeMarre Carroll,201960,SAS,3033.0,51,-1.0,107,108,28.0,18.0,11.0,215,,1.0,,,,,2.0,4.0,1.0,1.0,,1.0,,,5.0,2.0,,2.0,3.0,6,,6.0,6.0,12.0,112,,,2.0,,,,1.0,,2.0,2.0,2.0,4.0,2.0,,,5.0,,,5.0,,5.0,,,2.0,1.0,2.0,10.0,,3.0,4.0,2.0,1.0,7.0,3.0,10,,,,,3.0,,2.0,1.0,,1.0,,4.0,1.0,,3.0,8.0,,,7.0,,,,12.0,,6.0,,,,,,,,,,,2.0,28.0,,,0.6666666666666666,0.6666666666666666,,,,,0.5,,,0.25,,,0.3333333333333333,,0.16666666666666666,0.5,,,17.741935483870968,0.75,0.2,0.09523809523809523,0.08108108108108109,0.15384615384615385,,0.1276595744680851,0.058823529411764705,0.13333333333333333,0.1,,,,0.125,0.125,,0.21052631578947367,,,,0.08333333333333333,,,,0.3333333333333333,0.5,0.5,1.0,0.08333333333333333,1.0,1.0,,0.08333333333333333,,,,0.4166666666666667,,,,,,1.0,,,,0.6666666666666666,,0.5833333333333334,,0.4972958333333333,0.5073,0.42693333333333333,0.3333333333333333,0.5,,,0.16666666666666666,8.049999999999999,25.3,0.2616822429906542,,,,,,1.0,,,,,,,,,,,,,,,,,,,,,,,,,,,,False
1629640,1610612759,Keldon Johnson,Keldon Johnson,1629640,SAS,13410.0,224,46.0,485,491,178.0,123.0,40.0,976,17.0,25.0,3.0,4.0,4.0,7.0,8.0,19.0,3.0,7.0,5.0,10.0,1.0,4.0,5.0,1.0,,1.0,28.0,51,9.0,15.0,24.0,107.0,508,3.0,5.0,2.0,2.0,11.0,9.0,20.0,1.0,2.0,11.0,32.0,34.0,22.0,27.0,2.0,4.0,4.0,4.0,6.0,6.0,12.0,5.0,1.0,4.0,1.0,1.0,30.0,,6.0,22.0,11.0,4.0,37.0,6.0,43,3.0,10.0,9.0,1.0,5.0,,1.0,6.0,,4.0,3.0,11.0,,3.0,10.0,22.0,1.0,1.0,21.0,,1.0,,33.0,3.0,14.0,,4.0,2.0,,,1.0,1.0,2.0,1.0,2.0,32.0,175.0,1.0,3.0,0.6071428571428571,0.6296296296296297,1.0,0.6,0.5,0.6428571428571429,0.5490196078431373,0.6,0.45,0.6287878787878788,0.6428571428571429,0.4772727272727273,0.6604938271604939,0.6875,0.5517241379310345,0.22727272727272727,0.0784313725490196,0.04,17.358490566037737,0.45454545454545453,0.2857142857142857,0.0990990990990991,0.041379310344827586,0.1981981981981982,,0.14864864864864866,0.029850746268656716,0.1,0.018518518518518517,0.0196078431372549,,,0.1,0.10810810810810811,0.07142857142857142,0.19540229885057472,0.20833333333333334,0.13043478260869565,0.5,0.3787878787878788,0.68,0.7083333333333334,0.7647058823529411,0.2878787878787879,0.42105263157894735,0.5,0.5,0.10606060606060606,0.42857142857142855,0.42857142857142855,,0.15151515151515152,0.5,0.5,1.0,0.07575757575757576,0.8,0.8,1.0,0.5714285714285714,0.75,0.14285714285714285,0.3181818181818182,0.5714285714285714,0.045454545454545456,0.045454545454545456,,0.6060606060606061,1.0,0.5130546153846154,0.49628571428571433,0.4420095238095238,0.18181818181818182,0.22580645161290322,,0.102803738317757,0.29906542056074764,6.203921568627452,25.386666666666667,0.3670103092783505,,1.0,1.0,1.0,,1.0,0.5,0.15789473684210525,,0.14285714285714285,,,1.0,,,,,,,,1.0,1.0,1.0,,,,,1.0,1.0,,,,,False
1629677,1610612759,Luka Samanic,Luka Samanic,1629677,SAS,2905.0,48,5.0,99,103,23.0,20.0,8.0,202,1.0,3.0,1.0,1.0,1.0,2.0,,4.0,1.0,1.0,,,,3.0,8.0,2.0,,1.0,2.0,8,3.0,8.0,3.0,16.0,101,1.0,1.0,2.0,,2.0,1.0,2.0,,1.0,1.0,3.0,2.0,2.0,9.0,2.0,8.0,3.0,2.0,4.0,2.0,6.0,1.0,1.0,2.0,2.0,,14.0,,1.0,7.0,2.0,,9.0,1.0,10,,,,,1.0,,,1.0,,1.0,,2.0,,,,6.0,,1.0,4.0,,,1.0,4.0,,2.0,,,2.0,,,2.0,,2.0,1.0,,3.0,23.0,1.0,,0.5,1.0,1.0,0.375,,0.375,0.25,1.0,0.5,0.40625,0.3333333333333333,0.3333333333333333,0.4444444444444444,0.3333333333333333,0.375,0.5,0.25,0.3333333333333333,18.34862385321101,0.5,,0.09090909090909091,0.034482758620689655,0.2413793103448276,,0.17647058823529413,0.022222222222222223,0.14285714285714285,,,,,0.18181818181818182,,,0.2727272727272727,0.14285714285714285,,0.5,0.1875,0.3333333333333333,0.5,,0.25,,,,0.0625,1.0,1.0,1.0,,,,,0.5,0.375,0.375,1.0,0.3333333333333333,1.0,0.6666666666666666,0.6666666666666666,0.5,,0.3333333333333333,,0.6875,0.375,0.466603125,0.5536,0.4681166666666667,0.1111111111111111,0.2,,0.125,0.1875,6.7749999999999995,26.049999999999997,0.23232323232323232,,,,,,,,0.25,,,,,,,,,,,,,,,,,,,,,,,,,,False
1629683,1610612759,Quinndary Weatherspoon,Quinndary Weatherspoon,1629683,SAS,3593.0,60,-30.0,137,137,71.0,55.0,14.0,274,3.0,6.0,,,2.0,4.0,1.0,3.0,,2.0,,1.0,1.0,1.0,3.0,,,1.0,4.0,11,1.0,4.0,1.0,12.0,161,,,,,,3.0,7.0,,2.0,1.0,7.0,6.0,2.0,,,2.0,1.0,2.0,3.0,5.0,8.0,3.0,2.0,1.0,1.0,1.0,21.0,,1.0,3.0,1.0,,4.0,1.0,5,,3.0,2.0,1.0,3.0,,2.0,1.0,,1.0,1.0,4.0,,2.0,3.0,8.0,,,3.0,,1.0,,2.0,,,,1.0,,,,,,,,,7.0,71.0,2.0,1.0,0.75,0.75,,0.25,,0.3333333333333333,0.36363636363636365,,0.42857142857142855,0.36666666666666664,,0.3333333333333333,0.375,,0.35,0.26666666666666666,0.18181818181818182,0.16666666666666666,12.82051282051282,0.75,,0.043478260869565216,0.02040816326530612,0.09375,,0.07272727272727272,0.014925373134328358,0.05555555555555555,,,,,0.07142857142857142,,,,0.375,,,0.4,0.5,0.6,0.6666666666666666,0.2,0.3333333333333333,0.5,1.0,0.13333333333333333,,,,0.06666666666666667,,,,0.2,0.3333333333333333,0.3333333333333333,,,,,0.4444444444444444,0.5,0.1111111111111111,0.1111111111111111,,0.6666666666666666,0.5,0.5193464285714285,,0.46815625,,,,,0.5833333333333334,7.3090909090909095,31.325000000000003,0.5182481751824818,,,,,3.0,,,0.3333333333333333,,,,,,,,,,,,,,1.0,,,,,,,,,,,,False
203092,1610612759,Tyler Zeller,Tyler Zeller,203092,SAS,156.0,3,,7,5,5.0,5.0,4.0,12,,2.0,,2.0,,2.0,,1.0,,,,,,,,,,,,3,,,,,6,,3.0,,,,,3.0,,,,,,,,,,,,,,,,,,,,,,3.0,,,,,3.0,3,,,,,,,,,,,,,,,,,,,,,,,,,,,,,,,,,,,,,5.0,,,,,,,,,,,,,,,,,,,,,23.076923076923077,,,,0.375,,,,0.3333333333333333,0.3333333333333333,,0.5,,,,,,,,,,0.6666666666666666,,,,0.3333333333333333,,,,,,,,,,,,,,,,0.6666666666666666,,,0.6666666666666666,,,,,0.6666666666666666,,0.5149333333333334,0.5149333333333334,0.5149333333333334,,,,,,2.9,,0.7142857142857143,,,,,,,,,,,,,,,,,,,,,,,,,,,,,,,,,,False
