EntityId,TeamId,Name,ShortName,RowId,TeamAbbreviation,SecondsPlayed,Minutes,PlusMinus,OffPoss,DefPoss,PenaltyDefPoss,SecondChanceOffPoss,TotalPoss,AtRimFGM,AtRimFGA,ShortMidRangeFGA,Corner3FGM,Corner3FGA,Arc3FGM,Arc3FGA,SecondChanceArc3FGM,SecondChanceArc3FGA,FG2M,FG2A,FG3M,FG3A,Points,OpponentPoints,SecondChanceFG3M,SecondChanceFG3A,SecondChancePoints,PtsAssisted2s,PtsAssisted3s,NonHeaveArc3FGA,NonHeaveArc3FGM,Fg2aBlocked,TwoPtAssists,ThreePtAssists,Assists,Arc3Assists,Corner3Assists,AtRimAssists,AssistPoints,DeadBallTurnovers,StepOutOfBoundsTurnovers,Turnovers,ShootingFouls,Fouls,Loose Ball Fouls,Assisted2sPct,NonPutbacksAssisted2sPct,Assisted3sPct,Fg3Pct,SecondChanceFg3Pct,NonHeaveFg3Pct,Fg2Pct,EfgPct,SecondChanceEfgPct,TsPct,SecondChanceTsPct,FG3APct,FG2APctBlocked,AtRimPctBlocked,Usage,AtRimFrequency,AtRimAccuracy,UnblockedAtRimAccuracy,AtRimPctAssisted,ShortMidRangeFrequency,Corner3Frequency,Corner3Accuracy,UnblockedCorner3Accuracy,Corner3PctAssisted,Arc3Frequency,Arc3Accuracy,UnblockedArc3Accuracy,Arc3PctAssisted,SecondChanceArc3Frequency,SecondChanceArc3Accuracy,SecondChanceArc3PctAssisted,AtRimFG3AFrequency,NonHeaveArc3Accuracy,ShotQualityAvg,SecondChancePointsPct,Avg2ptShotDistance,Avg3ptShotDistance,PenaltyOffPoss,OffThreePtRebounds,DefThreePtRebounds,DefTwoPtRebounds,FTDefRebounds,DefRebounds,OffRebounds,Rebounds,BadPassOutOfBoundsTurnovers,FoulsDrawn,FTA,TwoPtShootingFoulsDrawn,PenaltyOffPossExcludingTakeFouls,NonShootingPenaltyNonTakeFouls,DefFTReboundPct,DefTwoPtReboundPct,DefThreePtReboundPct,OffThreePtReboundPct,DefFGReboundPct,OffFGReboundPct,OffCorner3ReboundPct,DefLongMidRangeReboundPct,DefArc3ReboundPct,ShootingFoulsDrawnPct,TwoPtShootingFoulsDrawnPct,PenaltyOffPossPct,SecondChanceAtRimFGA,ShortMidRangeFGM,LongMidRangeFGM,LongMidRangeFGA,FtPoints,SecondChanceFG2A,PtsUnassisted2s,PtsUnassisted3s,ShortMidRangeAssists,Steals,BadPassSteals,LiveBallTurnovers,BadPassTurnovers,Offensive Fouls Drawn,Blocked2s,BlockedAtRim,Blocks,RecoveredBlocks,LiveBallTurnoverPct,OffArc3ReboundPct,DefAtRimReboundPct,DefShortMidRangeReboundPct,DefCorner3ReboundPct,BlocksRecoveredPct,ShortMidRangeAccuracy,UnblockedShortMidRangeAccuracy,LongMidRangeFrequency,LongMidRangeAccuracy,UnblockedLongMidRangeAccuracy,LongMidRangePctAssisted,SecondChanceAtRimFrequency,SecondChanceCorner3FGM,SecondChanceCorner3FGA,PenaltyArc3FGM,PenaltyArc3FGA,PenaltyFG3M,PenaltyFG3A,PenaltyPoints,Charge Fouls Drawn,PenaltyPointsExcludingTakeFouls,PenaltyFg3Pct,PenaltyEfgPct,PenaltyTsPct,SecondChanceCorner3Frequency,SecondChanceCorner3Accuracy,SecondChanceCorner3PctAssisted,PenaltyArc3Frequency,PenaltyArc3Accuracy,SecondChanceShotQualityAvg,PenaltyShotQualityAvg,PenaltyPointsPct,SecondChanceAtRimFGM,PenaltyAtRimFGM,PenaltyAtRimFGA,PenaltyCorner3FGM,PenaltyCorner3FGA,SecondChanceFG2M,SecondChanceFtPoints,PenaltyFG2M,PenaltyFG2A,PenaltyFtPoints,PtsPutbacks,LongMidRangeAssists,OffTwoPtRebounds,SelfOReb,LostBallOutOfBoundsTurnovers,LostBallTurnovers,SecondChanceTurnovers,PenaltyTurnovers,Offensive Fouls,Transition Take Fouls,NonShootingFoulsDrawn,BlockedShortMidRange,NonShootingPenaltyNonTakeFoulsDrawn,SecondChanceFg2Pct,PenaltyFg2Pct,ShortMidRangePctBlocked,OffTwoPtReboundPct,OffAtRimReboundPct,OffShortMidRangeReboundPct,SelfORebPct,ShortMidRangePctAssisted,SecondChanceAtRimAccuracy,SecondChanceAtRimPctAssisted,PenaltyAtRimFrequency,PenaltyAtRimAccuracy,PenaltyCorner3Frequency,PenaltyCorner3Accuracy,LostBallSteals,Technical Free Throw Trips,Travels,OffLongMidRangeReboundPct,Fg3aBlocked,FG3APctBlocked,Arc3PctBlocked,on,HeaveAttempts,Charge Fouls,Clear Path Fouls,Loose Ball Fouls Drawn,2pt And 1 Free Throw Trips,Defensive 3 Seconds Violations,Corner3PctBlocked,FTOffRebounds,DefensiveGoaltends,OffFTReboundPct,LongMidRangePctBlocked,Blocked3s,BlockedArc3,BlockedCorner3,OffensiveGoaltends,Transition Take Fouls Drawn,ThreePtShootingFoulsDrawn,BlockedLongMidRange,3SecondViolations,ThreePtShootingFoulsDrawnPct,3pt And 1 Free Throw Trips,HeaveMakes
1627827,1610612747,Dorian Finney-Smith,Dorian Finney-Smith,1627827,LAL,1581.0,26,-3.0,55,55,3,3.0,110,1.0,2.0,1.0,2.0,2.0,1.0,2.0,1.0,1.0,1.0,3.0,3.0,4.0,11.0,69,1.0,1.0,3.0,2.0,9.0,2.0,1.0,1.0,1.0,2.0,3.0,1.0,1.0,1.0,8.0,1.0,1.0,1.0,1.0,4.0,1.0,1.0,1.0,1.0,0.75,1.0,0.75,0.3333333333333333,0.7857142857142857,1.5,0.7857142857142857,1.5,0.5714285714285714,0.3333333333333333,0.5,13.793103448275865,0.2857142857142857,0.5,1.0,1.0,0.1428571428571428,0.2857142857142857,1.0,1.0,1.0,0.2857142857142857,0.5,0.5,1.0,1.0,1.0,1.0,0.8571428571428571,0.5,0.6008214285714286,0.2727272727272727,4.266666666666667,25.25,,,,,,,,,,,,,,,,,,,,,,,,,,,,,,,,,,,,,,,,,,,,,,,,,,,,,,,,,,,,,,,,,,,,,,,,,,,,,,,,,,,,,,,,,,,,,,,,,,,,,,,,,,,,,,,,,,,,,,,,,,True,,,,,,,,,,,,,,,,,,,,,,
1629020,1610612747,Jarred Vanderbilt,Jarred Vanderbilt,1629020,LAL,1431.0,24,-30.0,49,50,10,9.0,99,2.0,2.0,,2.0,3.0,,,,,2.0,2.0,2.0,3.0,10.0,82,,,,4.0,6.0,,,,2.0,,2.0,,,2.0,4.0,1.0,,1.0,,1.0,,1.0,1.0,1.0,0.6666666666666666,,0.6666666666666666,1.0,1.0,,0.8333333333333334,,0.6,,,11.864406779661016,0.4,1.0,1.0,1.0,,0.6,0.6666666666666666,0.6666666666666666,1.0,,,,,,,,1.0,,0.6600400000000001,,0.95,24.23333333333333,1.0,1.0,5.0,1.0,1.0,7.0,1.0,8.0,1.0,1.0,2.0,1.0,1.0,1.0,1.0,0.1428571428571428,0.2941176470588235,0.0833333333333333,0.25,0.0344827586206896,0.25,1.0,0.3571428571428571,0.1666666666666666,0.3333333333333333,0.0204081632653061,,,,,,,,,,,,,,,,,,,,,,,,,,,,,,,,,,,,,,,,,,,,,,,,,,,,,,,,,,,,,,,,,,,,,,,,,,,,,,,,,,,,,,,,,,,,,,,,True,,,,,,,,,,,,,,,,,,,,,,
1629029,1610612747,Luka Dončić,Luka Dončić,1629029,LAL,2305.0,38,-18.0,78,80,7,4.0,158,2.0,3.0,4.0,1.0,1.0,4.0,12.0,,1.0,6.0,11.0,5.0,13.0,30.0,106,,1.0,,2.0,6.0,12.0,4.0,1.0,2.0,3.0,5.0,1.0,2.0,1.0,13.0,2.0,,5.0,3.0,4.0,,0.1666666666666666,0.1666666666666666,0.4,0.3846153846153846,,0.3846153846153846,0.5454545454545454,0.5625,,0.5555555555555556,,0.5416666666666666,0.0909090909090909,0.3333333333333333,38.55421686746988,0.125,0.6666666666666666,1.0,,0.1666666666666666,0.0416666666666666,1.0,1.0,,0.5,0.3333333333333333,0.3333333333333333,0.5,0.5,,,0.6666666666666666,0.3333333333333333,0.5329979166666666,,10.063636363636364,27.91538461538461,,1.0,6.0,5.0,1.0,12.0,1.0,13.0,2.0,6.0,6.0,3.0,,,1.0,0.3571428571428571,0.2857142857142857,0.05,0.3142857142857143,0.0277777777777777,,,0.3076923076923077,0.1111111111111111,0.2142857142857142,,1.0,3.0,1.0,4.0,3.0,1.0,10.0,9.0,1.0,3.0,3.0,3.0,3.0,1.0,1.0,1.0,1.0,1.0,0.6,0.0769230769230769,0.5,0.375,0.25,1.0,0.75,0.75,0.1666666666666666,0.25,0.25,1.0,0.5,,,,,,,,,,,,,,,,,,,,,,,,,,,,,,,,,,,,,,,,,,,,,,,,,,,,,,,,,,,,,,,,,True,,,,,,,,,,,,,,,,,,,,,,
1629216,1610612747,Gabe Vincent,Gabe Vincent,1629216,LAL,2394.0,40,-10.0,80,81,7,9.0,161,2.0,2.0,2.0,4.0,8.0,3.0,6.0,,1.0,3.0,5.0,7.0,14.0,27.0,97,1.0,2.0,3.0,2.0,21.0,6.0,3.0,,1.0,2.0,3.0,1.0,1.0,1.0,8.0,,,1.0,1.0,2.0,,0.3333333333333333,0.3333333333333333,1.0,0.5,0.5,0.5,0.6,0.7105263157894737,0.75,0.7105263157894737,0.75,0.7368421052631579,,,21.978021978021975,0.1052631578947368,1.0,1.0,0.5,0.1052631578947368,0.4210526315789473,0.5,0.5,1.0,0.3157894736842105,0.5,0.5,1.0,0.5,,,0.8421052631578947,0.5,0.5667236842105262,0.1111111111111111,6.34,24.264285714285712,9.0,,1.0,,,1.0,,1.0,,2.0,,,9.0,,,,0.0434782608695652,,0.027027027027027,,,,,,,0.1125,,1.0,,1.0,,,4.0,,,,,1.0,1.0,,,,,,1.0,,,,0.0909090909090909,,0.5,0.5,0.0526315789473684,,,,,1.0,1.0,1.0,3.0,1.0,3.0,3.0,2.0,3.0,0.3333333333333333,0.5,0.5,0.5,1.0,1.0,1.0,0.3333333333333333,0.5778,0.5336,0.1111111111111111,,,,,,,,,,,,,,,,,,,,,,,,,,,,,,,,,,,,,,,,,,,,,True,,,,,,,,,,,,,,,,,,,,,,
203458,1610612747,Alex Len,Alex Len,203458,LAL,7327.0,122,-58.0,245,251,57,30.0,496,4.0,9.0,10.0,1.0,1.0,,2.0,,,9.0,19.0,1.0,3.0,22.0,324,,,5.0,12.0,3.0,2.0,,3.0,5.0,3.0,8.0,2.0,1.0,2.0,19.0,5.0,,9.0,15.0,21.0,3.0,0.6666666666666666,0.75,1.0,0.3333333333333333,,0.3333333333333333,0.4736842105263157,0.4772727272727273,0.5,0.4583333333333333,0.5,0.1363636363636363,0.1578947368421052,0.2222222222222222,11.913357400722022,0.4090909090909091,0.4444444444444444,0.5714285714285714,0.75,0.4545454545454545,0.0454545454545454,1.0,1.0,1.0,0.0909090909090909,,,,,,,0.5454545454545454,,0.5360181818181818,0.2272727272727272,4.621052631578948,25.46666666666667,42.0,5.0,7.0,10.0,1.0,18.0,13.0,31.0,3.0,2.0,4.0,1.0,42.0,1.0,0.0909090909090909,0.2040816326530612,0.0972222222222222,0.078125,0.140495867768595,0.1065573770491803,0.1875,,0.1063829787234042,0.0434782608695652,0.05,0.1714285714285714,4.0,5.0,,,1.0,4.0,6.0,,2.0,1.0,1.0,4.0,3.0,,3.0,2.0,3.0,2.0,0.4444444444444444,0.0416666666666666,0.2142857142857142,0.2258064516129032,0.08,0.6666666666666666,0.5,0.5555555555555556,,,,,1.0,,,,,1.0,1.0,12.0,,12.0,1.0,1.1,0.8571428571428571,,,,,,0.60835,0.55809,0.5454545454545454,2.0,2.0,2.0,1.0,1.0,2.0,1.0,4.0,4.0,1.0,2.0,1.0,8.0,1.0,1.0,1.0,2.0,1.0,1.0,1.0,1.0,1.0,1.0,0.5,1.0,0.1,0.1379310344827586,0.1333333333333333,0.1875,0.1111111111111111,0.6,0.5,0.5,0.4,1.0,0.2,1.0,,,,,,,,True,,,,,,,,,,,,,,,,,,,,,,
1630559,1610612747,Austin Reaves,Austin Reaves,1630559,LAL,3228.0,54,-35.0,111,116,11,12.0,227,5.0,7.0,6.0,,2.0,4.0,13.0,,,7.0,13.0,4.0,15.0,31.0,150,,1.0,,2.0,6.0,13.0,4.0,2.0,4.0,5.0,9.0,1.0,4.0,1.0,23.0,,,2.0,2.0,5.0,,0.1428571428571428,0.1428571428571428,0.5,0.2666666666666666,,0.2666666666666666,0.5384615384615384,0.4642857142857143,,0.5,,0.5357142857142857,0.1538461538461538,,25.6,0.25,0.7142857142857143,0.7142857142857143,0.2,0.2142857142857142,0.0714285714285714,,,,0.4642857142857143,0.3076923076923077,0.3076923076923077,0.5,,,,0.7857142857142857,0.3076923076923077,0.5550142857142857,,4.438461538461539,26.106666666666666,,,8.0,2.0,1.0,11.0,,11.0,,4.0,5.0,2.0,,,0.25,0.1052631578947368,0.2857142857142857,,0.2127659574468085,,,,0.2222222222222222,0.0666666666666666,0.1333333333333333,,,2.0,,,5.0,1.0,12.0,6.0,3.0,2.0,1.0,2.0,2.0,,,,,,1.0,,,0.1666666666666666,0.4,,0.3333333333333333,0.5,,,,,,,1.0,,,,,,2.0,,,,,0.5,,,,,0.63255,,,,,,,,,,,,,,,,,,,,,,,,,,,,0.3333333333333333,,,,,,,,,,,,1.0,1.0,,,,,,True,,,,,,,,,,,,,,,,,,,,,,
2544,1610612747,LeBron James,LeBron James,2544,LAL,1218.0,20,,39,40,9,4.0,79,1.0,1.0,6.0,1.0,1.0,1.0,3.0,,1.0,5.0,7.0,2.0,4.0,16.0,53,,1.0,,6.0,3.0,3.0,1.0,,,5.0,5.0,4.0,1.0,,15.0,3.0,,3.0,,2.0,,0.6,0.6,0.5,0.5,,0.5,0.7142857142857143,0.7272727272727273,,0.7272727272727273,,0.3636363636363636,,,32.55813953488372,0.0909090909090909,1.0,1.0,1.0,0.5454545454545454,0.0909090909090909,1.0,1.0,1.0,0.2727272727272727,0.3333333333333333,0.3333333333333333,,1.0,,,0.4545454545454545,0.3333333333333333,0.4699090909090909,,7.871428571428572,26.55,1.0,1.0,3.0,,,3.0,1.0,4.0,1.0,,,,1.0,,,,0.2,0.0769230769230769,0.15,0.0588235294117647,,,0.2,,,0.0256410256410256,,4.0,,,,,4.0,3.0,,,,,,,,,,,,0.0909090909090909,,,0.2,,0.6666666666666666,0.6666666666666666,,,,,,,,,,,,,,,,,,,,,,,,,,,,,,,,,,,,,,,1.0,,,,,1.0,,,,,,,,,,,0.25,0.5,,,,,,,,,1.0,,,,,True,,,,,,,,,,,,,,,,,,,,,,
1629060,1610612747,Rui Hachimura,Rui Hachimura,1629060,LAL,797.0,13,-6.0,26,29,3,5.0,55,,,1.0,,,1.0,3.0,,1.0,1.0,2.0,1.0,3.0,5.0,38,,1.0,,2.0,3.0,3.0,1.0,,,,,,,,,,,,,,,1.0,1.0,1.0,0.3333333333333333,,0.3333333333333333,0.5,0.5,,0.5,,0.6,,,16.129032258064516,,,,,0.2,,,,,0.6,0.3333333333333333,0.3333333333333333,1.0,1.0,,,0.6,0.3333333333333333,0.50237,,13.75,25.83333333333333,,,2.0,,,2.0,,2.0,,,,,,,,,0.2857142857142857,,0.2,,,,0.3333333333333333,,,,,1.0,,1.0,,,,,,,,,,,,,,,,,,,,,1.0,1.0,0.2,,,,,,,,,,,,,,,,,,,,,,0.4896,,,,,,,,,,,,,,,,,,,,,,,,,,,,,,,,,1.0,,,,,,,,,,,,,,True,,,,,,,,,,,,,,,,,,,,,,
1642261,1610612747,Dalton Knecht,Dalton Knecht,1642261,LAL,4421.0,74,-41.0,145,149,28,16.0,294,2.0,5.0,8.0,2.0,6.0,5.0,13.0,,,6.0,16.0,7.0,19.0,35.0,184,,,2.0,4.0,15.0,13.0,5.0,2.0,2.0,3.0,5.0,2.0,1.0,,13.0,2.0,,6.0,1.0,3.0,,0.3333333333333333,0.3333333333333333,0.7142857142857143,0.3684210526315789,,0.3684210526315789,0.375,0.4714285714285714,0.25,0.4861111111111111,0.25,0.5428571428571428,0.125,,25.925925925925924,0.1428571428571428,0.4,0.4,,0.2285714285714285,0.1714285714285714,0.3333333333333333,0.3333333333333333,1.0,0.3714285714285714,0.3846153846153846,0.3846153846153846,0.6,,,,0.6857142857142857,0.3846153846153846,0.5189514285714285,0.0571428571428571,8.918750000000001,25.68947368421053,24.0,,6.0,4.0,2.0,12.0,1.0,13.0,,3.0,2.0,1.0,24.0,,0.3333333333333333,0.1290322580645161,0.1304347826086956,,0.1298701298701298,0.0135135135135135,,,0.1666666666666666,0.0277777777777777,0.0588235294117647,0.1655172413793103,2.0,3.0,1.0,3.0,2.0,4.0,8.0,6.0,1.0,2.0,2.0,4.0,3.0,,1.0,,1.0,1.0,0.6666666666666666,,,0.1904761904761904,0.0625,1.0,0.375,0.5,0.0857142857142857,0.3333333333333333,0.3333333333333333,,0.5,,,1.0,2.0,1.0,2.0,5.0,,5.0,0.5,0.5,0.5,,,,0.4,0.5,0.5719,0.49575,0.1428571428571428,1.0,1.0,2.0,,,1.0,,1.0,3.0,,,1.0,1.0,,1.0,1.0,,1.0,,,,1.0,,0.25,0.3333333333333333,0.25,0.0303030303030303,,,,0.6666666666666666,0.5,,0.4,0.5,,,,,1.0,0.1428571428571428,,,,True,,,,,,,,,,,,,,,,,,,,,,
1630692,1610612747,Jordan Goodwin,Jordan Goodwin,1630692,LAL,2556.0,43,-23.0,87,89,19,11.0,176,,,4.0,,2.0,4.0,5.0,,,1.0,5.0,4.0,7.0,14.0,112,,,2.0,,12.0,5.0,4.0,1.0,,3.0,3.0,2.0,1.0,,9.0,,,,2.0,3.0,,,,1.0,0.5714285714285714,,0.5714285714285714,0.2,0.5833333333333334,1.0,0.5833333333333334,1.0,0.5833333333333334,0.2,,12.12121212121212,,,,,0.3333333333333333,0.1666666666666666,,,,0.4166666666666667,0.8,1.0,1.0,,,,0.5833333333333334,0.8,0.5040083333333333,0.1428571428571428,9.04,25.4,31.0,1.0,2.0,2.0,1.0,5.0,2.0,7.0,,2.0,,,31.0,,0.3333333333333333,0.0869565217391304,0.0714285714285714,0.0476190476190476,0.0784313725490196,0.0476190476190476,0.1666666666666666,0.5,0.0588235294117647,,,0.3563218390804598,,1.0,,1.0,,1.0,2.0,,,4.0,3.0,,,2.0,,,,,,,0.125,,0.0909090909090909,,0.25,0.3333333333333333,0.0833333333333333,,,,,,,2.0,2.0,2.0,2.0,6.0,,6.0,1.0,0.75,0.75,,,,0.5,1.0,,0.49485,0.4285714285714285,,,,,,1.0,,,2.0,,2.0,,1.0,,,,,,,,,,,1.0,,0.25,0.0476190476190476,,,,,,,,,,,1.0,,,0.3333333333333333,1.0,0.1428571428571428,0.2,True,,,,,,,,,,,,,,,,,,,,,,
1629003,1610612747,Shake Milton,Shake Milton,1629003,LAL,2948.0,49,-32.0,97,98,33,16.0,195,2.0,3.0,7.0,1.0,1.0,2.0,4.0,,,4.0,10.0,3.0,5.0,20.0,138,,,4.0,4.0,9.0,4.0,2.0,2.0,2.0,3.0,5.0,2.0,1.0,,13.0,4.0,1.0,6.0,,1.0,,0.5,0.5,1.0,0.6,,0.6,0.4,0.5666666666666667,0.5,0.5882352941176471,0.6666666666666666,0.3333333333333333,0.2,0.3333333333333333,20.35398230088496,0.2,0.6666666666666666,1.0,0.5,0.4666666666666667,0.0666666666666666,1.0,1.0,1.0,0.2666666666666666,0.5,0.6666666666666666,1.0,,,,0.5333333333333333,0.5,0.5122366666666667,0.2,7.69,25.28,23.0,3.0,3.0,1.0,,4.0,5.0,9.0,2.0,2.0,4.0,2.0,23.0,,,0.0344827586206896,0.125,0.1304347826086956,0.0754716981132075,0.1020408163265306,,,0.0714285714285714,0.1176470588235294,0.1666666666666666,0.2371134020618556,2.0,2.0,,,3.0,2.0,4.0,,2.0,,,2.0,2.0,,1.0,,1.0,,0.3333333333333333,0.1428571428571428,,0.0526315789473684,0.2,,0.2857142857142857,0.3333333333333333,,,,,1.0,,,,2.0,,2.0,6.0,,6.0,,0.5,0.5,,,,0.3333333333333333,,0.3459,0.5338333333333334,0.3,1.0,1.0,1.0,,,1.0,2.0,3.0,4.0,,,,2.0,2.0,1.0,,2.0,1.0,,,,1.0,,0.5,0.75,0.1428571428571428,0.0769230769230769,,0.1176470588235294,0.4,0.5,0.5,,0.1666666666666666,1.0,,,,,,,1.0,0.2,0.25,True,,,,,,,,,,,,,,,,,,,,,,
1642355,1610612747,Bronny James,Bronny James,1642355,LAL,2763.0,46,-24.0,92,95,43,14.0,187,2.0,2.0,5.0,2.0,3.0,3.0,10.0,,,5.0,8.0,5.0,13.0,28.0,126,,,1.0,4.0,9.0,10.0,3.0,1.0,5.0,2.0,7.0,2.0,,2.0,16.0,2.0,1.0,5.0,2.0,2.0,,0.4,0.4,0.6,0.3846153846153846,,0.3846153846153846,0.625,0.5952380952380952,,0.6086956521739131,0.25,0.6190476190476191,0.125,,26.41509433962264,0.0952380952380952,1.0,1.0,,0.238095238095238,0.1428571428571428,0.6666666666666666,0.6666666666666666,1.0,0.4761904761904761,0.3,0.3,0.3333333333333333,,,,0.7142857142857143,0.3,0.5027119047619047,0.0357142857142857,7.425,26.246153846153845,34.0,,3.0,,1.0,4.0,,4.0,,4.0,4.0,2.0,34.0,,0.1111111111111111,,0.15,,0.0833333333333333,,,,0.2142857142857142,0.0869565217391304,0.2,0.3695652173913043,,3.0,,1.0,3.0,1.0,6.0,6.0,2.0,1.0,,3.0,2.0,,1.0,1.0,1.0,,0.6,,,,,,0.6,0.75,0.0476190476190476,,,,,,,2.0,3.0,3.0,4.0,14.0,,14.0,0.75,0.8125,0.7777777777777778,,,,0.375,0.6666666666666666,0.4372,0.4814374999999999,0.5,,,,1.0,1.0,,1.0,2.0,4.0,1.0,,1.0,,,1.0,1.0,,1.0,,,,,,,0.5,0.2,,,,,0.6666666666666666,,,,,0.125,1.0,1.0,,,,,,,True,,,,,,,,,,,,,,,,,,,,,,
202693,1610612747,Markieff Morris,Markieff Morris,202693,LAL,2363.0,39,-1.0,78,78,26,11.0,156,1.0,1.0,4.0,,2.0,1.0,4.0,,2.0,4.0,9.0,1.0,6.0,13.0,95,,2.0,,6.0,3.0,4.0,1.0,,1.0,4.0,5.0,2.0,2.0,1.0,14.0,,,,4.0,6.0,2.0,0.75,0.75,1.0,0.1666666666666666,,0.1666666666666666,0.4444444444444444,0.3666666666666666,,0.40625,,0.4,,,17.97752808988764,0.0666666666666666,1.0,1.0,1.0,0.2666666666666666,0.1333333333333333,,,,0.2666666666666666,0.25,0.25,1.0,1.0,,,0.4666666666666667,0.25,0.4980833333333334,,13.78888888888889,24.933333333333334,38.0,,,2.0,2.0,4.0,,4.0,,1.0,2.0,1.0,38.0,,0.3333333333333333,0.0952380952380952,,,0.0526315789473684,,,,,0.0625,0.1,0.4871794871794871,,1.0,2.0,4.0,2.0,,2.0,,,,,,,,1.0,1.0,1.0,1.0,,,,0.1333333333333333,,1.0,0.25,0.25,0.2666666666666666,0.5,0.5,1.0,,,,1.0,3.0,1.0,4.0,7.0,,7.0,0.25,0.3125,0.3888888888888889,,,,0.375,0.3333333333333333,0.558,0.530375,0.5384615384615384,,1.0,1.0,,1.0,,,1.0,4.0,2.0,,,,,,,,,,,,,,,0.25,,,,,,,,,0.125,1.0,0.125,,,,,,,,,True,,,,,,,,,,,,,,,,,,,,,,
1629629,1610612747,Cam Reddish,Cam Reddish,1629629,LAL,482.0,8,-3.0,16,17,14,2.0,33,,1.0,,,,,,,,,1.0,,,,16,,,,,,,,,,,,,,,,,,,,,,,,,,,,,,,,,,,,5.555555555555555,1.0,,,,,,,,,,,,,,,,1.0,,0.5369,,3.0,,4.0,,1.0,,,1.0,1.0,2.0,,,,,4.0,,,,0.1428571428571428,,0.1111111111111111,0.1428571428571428,,,0.1666666666666666,,,0.25,,,,,,,,,,1.0,,,,,,,,,,,,,,,,,,,,,,,,,,,,,,,,,,,,,,,,0.5369,,,,1.0,,,,,,1.0,,,,1.0,1.0,,,,,,,,,,,,,0.3333333333333333,0.5,,1.0,,,,1.0,,,,1.0,,,,,,,True,,,,,,,,,,,,,,,,,,,,,,
1641998,1610612747,Trey Jemison III,Trey Jemison III,1641998,LAL,821.0,14,-6.0,27,27,15,4.0,54,1.0,2.0,1.0,,,,,,,2.0,3.0,,,4.0,30,,,4.0,,,,,,,,,,,,,,,,1.0,1.0,,,,,,,,0.6666666666666666,0.6666666666666666,1.0,0.6666666666666666,1.0,,,,9.67741935483871,0.6666666666666666,0.5,0.5,,0.3333333333333333,,,,,,,,,,,,0.6666666666666666,,0.5,1.0,4.933333333333334,,3.0,3.0,1.0,,,1.0,3.0,4.0,,,,,3.0,,,,0.0625,0.4285714285714285,0.0555555555555555,0.3,,,0.0833333333333333,,,0.1111111111111111,1.0,1.0,,,,2.0,4.0,,,,,,,,1.0,1.0,1.0,,,0.4285714285714285,,,,,1.0,1.0,,,,,0.5,,,,,,,,,,,,,,,,,,0.3282,,,1.0,,,,,2.0,,,,,2.0,,,,,,,,,,,,,1.0,,,,,,,,1.0,,,,,,,,,,,,,True,,,,,,,,,,,,,,,,,,,,,,
1626156,1610612747,D'Angelo Russell,D'Angelo Russell,1626156,LAL,45803.0,763,47.0,1570,1564,269,163.0,3134,32.0,56.0,64.0,5.0,17.0,51.0,151.0,13.0,24.0,73.0,143.0,56.0,168.0,359.0,1784,13.0,24.0,45.0,62.0,108.0,150.0,51.0,8.0,86.0,49.0,135.0,42.0,7.0,59.0,319.0,20.0,1.0,50.0,24.0,53.0,,0.4246575342465753,0.4246575342465753,0.6428571428571429,0.3333333333333333,0.5416666666666666,0.3353293413173652,0.5104895104895105,0.5048231511254019,0.7258064516129032,0.5343283582089552,0.7258064516129032,0.5401929260450161,0.0559440559440559,0.1071428571428571,21.91235059760956,0.180064308681672,0.5714285714285714,0.64,0.625,0.2057877813504823,0.0546623794212218,0.2941176470588235,0.3125,1.0,0.4855305466237942,0.3377483443708609,0.3377483443708609,0.6078431372549019,0.7741935483870968,0.5416666666666666,0.6923076923076923,0.7202572347266881,0.34,0.5282941935483871,0.1253481894150417,7.616783216783217,26.26726190476191,460.0,4.0,33.0,36.0,3.0,72.0,8.0,80.0,7.0,55.0,53.0,23.0,454.0,2.0,0.125,0.0939947780678851,0.0899182561307901,0.012012012012012,0.092,0.0116279069767441,0.0151515151515151,0.109090909090909,0.0866425992779783,0.0696969696969697,0.1419753086419753,0.2929936305732484,4.0,33.0,8.0,23.0,45.0,7.0,84.0,60.0,17.0,23.0,19.0,30.0,22.0,7.0,4.0,1.0,4.0,1.0,0.6,0.0112359550561797,0.1111111111111111,0.0792079207920792,0.1,0.25,0.515625,0.532258064516129,0.0739549839228295,0.3478260869565217,0.3478260869565217,0.25,0.1290322580645161,,,15.0,48.0,18.0,55.0,109.0,1.0,107.0,0.3272727272727272,0.5421686746987951,0.5797872340425532,,,,0.5783132530120482,0.3125,0.5727921052631579,0.5217774390243903,0.3036211699164345,2.0,10.0,12.0,3.0,7.0,3.0,,18.0,28.0,19.0,,10.0,4.0,3.0,1.0,8.0,1.0,19.0,8.0,,5.0,3.0,4.0,0.4285714285714285,0.6428571428571429,0.03125,0.0112676056338028,0.0168067226890756,0.0120481927710843,0.0179640718562874,0.2727272727272727,0.5,1.0,0.144578313253012,0.8333333333333334,0.0843373493975903,0.4285714285714285,4.0,1.0,1.0,,1.0,0.0059523809523809,,False,1.0,1.0,1.0,1.0,4.0,1.0,0.0588235294117647,,,,,,,,,,,,,,,
1629060,1610612747,Rui Hachimura,Rui Hachimura,1629060,LAL,111330.0,1856,164.0,3761,3765,551,351.0,7526,134.0,187.0,99.0,49.0,110.0,52.0,134.0,6.0,17.0,190.0,327.0,101.0,244.0,770.0,4251,13.0,28.0,89.0,310.0,291.0,134.0,52.0,40.0,31.0,53.0,84.0,42.0,11.0,21.0,221.0,17.0,3.0,49.0,48.0,105.0,18.0,0.8157894736842105,0.8659217877094972,0.9603960396039604,0.4139344262295082,0.4642857142857143,0.4139344262295082,0.581039755351682,0.5980735551663747,0.55,0.6189710610932476,0.577922077922078,0.4273204903677758,0.1223241590214067,0.0855614973262032,16.037284894837473,0.3274956217162872,0.7165775401069518,0.783625730994152,0.8283582089552238,0.1733800350262697,0.1926444833625218,0.4454545454545454,0.4454545454545454,0.9591836734693876,0.2346760070052539,0.3880597014925373,0.3880597014925373,0.9615384615384616,0.2428571428571428,0.3529411764705882,0.6666666666666666,0.7548161120840631,0.3880597014925373,0.565343782837128,0.1155844155844155,5.374006116207953,24.780327868852456,674.0,42.0,112.0,81.0,21.0,214.0,79.0,293.0,5.0,85.0,113.0,60.0,662.0,8.0,0.375,0.0891089108910891,0.1186440677966101,0.0514705882352941,0.1041554236373448,0.0457005411906193,0.04,0.1063829787234042,0.1165730337078651,0.0967741935483871,0.1595744680851064,0.1792076575378888,32.0,37.0,19.0,41.0,87.0,42.0,70.0,12.0,6.0,45.0,32.0,32.0,17.0,3.0,26.0,14.0,26.0,22.0,0.6530612244897959,0.0551948051948051,0.0897009966777408,0.0835117773019272,0.125,0.8461538461538461,0.3737373737373737,0.4933333333333333,0.0718038528896672,0.4634146341463415,0.4634146341463415,0.6842105263157895,0.4571428571428571,7.0,11.0,8.0,19.0,14.0,35.0,116.0,1.0,116.0,0.4,0.6582278481012658,0.6590909090909091,0.1571428571428571,0.6363636363636364,0.8571428571428571,0.240506329113924,0.4210526315789473,0.5583444444444444,0.6056253164556961,0.1506493506493506,15.0,28.0,34.0,6.0,16.0,19.0,12.0,31.0,44.0,12.0,22.0,4.0,34.0,13.0,4.0,15.0,2.0,10.0,3.0,2.0,2.0,12.0,1.0,0.4523809523809524,0.7045454545454546,0.2424242424242424,0.0401416765053128,0.046875,0.0375586854460093,0.0543933054393305,0.8378378378378378,0.46875,0.2,0.430379746835443,0.8235294117647058,0.2025316455696202,0.375,13.0,,2.0,0.0363636363636363,,,,False,,,,2.0,11.0,,,3.0,3.0,0.0375,,,,,,,,,,,,
1629216,1610612747,Gabe Vincent,Gabe Vincent,1629216,LAL,89107.0,1485,56.0,3032,3017,798,306.0,6049,25.0,40.0,42.0,40.0,104.0,62.0,191.0,7.0,17.0,56.0,106.0,102.0,295.0,433.0,3420,10.0,25.0,40.0,68.0,264.0,188.0,62.0,8.0,53.0,42.0,95.0,22.0,20.0,30.0,232.0,23.0,1.0,40.0,83.0,150.0,5.0,0.6071428571428571,0.6181818181818182,0.8627450980392157,0.3457627118644067,0.4,0.3493150684931507,0.5283018867924528,0.5211970074812967,0.6666666666666666,0.5267639902676399,0.6666666666666666,0.7356608478802993,0.0754716981132075,0.025,13.327423167848698,0.0997506234413965,0.625,0.6410256410256411,0.68,0.1047381546134663,0.2593516209476309,0.3846153846153846,0.396039603960396,1.0,0.4763092269326683,0.3246073298429319,0.3263157894736842,0.7741935483870968,0.5666666666666667,0.4117647058823529,1.0,0.8354114713216958,0.3297872340425531,0.5339963567839197,0.092378752886836,8.277358490566037,25.61220338983049,874.0,8.0,36.0,34.0,1.0,71.0,20.0,91.0,10.0,43.0,21.0,6.0,865.0,15.0,0.0153846153846153,0.0476190476190476,0.0512091038406827,0.0111576011157601,0.0494001411432604,0.0147058823529411,0.0062111801242236,0.0512820512820512,0.0415913200723327,0.0147783251231527,0.054054054054054,0.2882585751978891,1.0,18.0,13.0,24.0,15.0,5.0,44.0,42.0,18.0,51.0,28.0,17.0,15.0,7.0,13.0,2.0,13.0,6.0,0.425,0.0125899280575539,0.0446428571428571,0.0482573726541554,0.0866666666666666,0.4615384615384615,0.4285714285714285,0.4864864864864865,0.0598503740648379,0.5416666666666666,0.5909090909090909,0.5384615384615384,0.0333333333333333,3.0,8.0,22.0,63.0,32.0,94.0,125.0,9.0,123.0,0.3404255319148936,0.4915254237288136,0.508130081300813,0.2666666666666666,0.375,1.0,0.5338983050847458,0.3492063492063492,0.5257295454545455,0.5281987068965519,0.2886836027713625,1.0,7.0,12.0,10.0,31.0,5.0,,10.0,24.0,9.0,2.0,5.0,12.0,3.0,2.0,2.0,2.0,14.0,8.0,,5.0,11.0,4.0,1.0,0.4166666666666667,0.119047619047619,0.0186625194401244,0.0163043478260869,0.0150602409638554,0.0134529147982062,0.5555555555555556,1.0,,0.1016949152542373,0.5833333333333334,0.2627118644067797,0.3225806451612903,23.0,,1.0,0.0314960629921259,4.0,0.0135593220338983,0.0052356020942408,False,3.0,1.0,,2.0,1.0,,0.0288461538461538,,,,0.0833333333333333,,,,,,,,,,,
1629629,1610612747,Cam Reddish,Cam Reddish,1629629,LAL,34883.0,581,-88.0,1170,1194,198,115.0,2364,20.0,29.0,14.0,7.0,23.0,6.0,24.0,,3.0,25.0,46.0,13.0,47.0,105.0,1409,,7.0,6.0,26.0,39.0,24.0,6.0,5.0,12.0,11.0,23.0,7.0,4.0,11.0,57.0,5.0,,12.0,26.0,43.0,,0.52,0.5909090909090909,1.0,0.2765957446808511,,0.2765957446808511,0.5434782608695652,0.478494623655914,0.25,0.5048076923076923,0.25,0.5053763440860215,0.108695652173913,0.1034482758620689,8.923076923076923,0.3118279569892473,0.6896551724137931,0.7692307692307693,0.55,0.1505376344086021,0.2473118279569892,0.3043478260869565,0.3043478260869565,1.0,0.2580645161290322,0.25,0.25,1.0,0.25,,,0.8172043010752689,0.25,0.5693836956521738,0.0571428571428571,4.632608695652174,24.71914893617021,302.0,4.0,21.0,23.0,4.0,48.0,16.0,64.0,,23.0,26.0,13.0,301.0,2.0,0.1428571428571428,0.0790378006872852,0.0792452830188679,0.0155642023346303,0.079136690647482,0.0281425891181988,,0.0294117647058823,0.0849056603773584,0.1274509803921568,0.2363636363636363,0.2581196581196581,3.0,4.0,1.0,3.0,16.0,5.0,24.0,,1.0,32.0,16.0,7.0,4.0,1.0,10.0,2.0,10.0,5.0,0.5833333333333334,0.0202020202020202,0.07,0.0955414012738853,0.0566037735849056,0.5,0.2857142857142857,0.3333333333333333,0.032258064516129,0.3333333333333333,0.3333333333333333,1.0,0.25,,4.0,2.0,6.0,4.0,10.0,37.0,,35.0,0.4,0.5925925925925926,0.578125,0.3333333333333333,,,0.2222222222222222,0.3333333333333333,0.5794083333333333,0.6118537037037038,0.3523809523809524,2.0,10.0,15.0,2.0,4.0,3.0,,10.0,17.0,5.0,6.0,,11.0,2.0,3.0,3.0,1.0,4.0,1.0,,2.0,8.0,1.0,0.6,0.5882352941176471,0.1428571428571428,0.0398550724637681,0.05,0.0220588235294117,0.0425531914893617,0.25,0.6666666666666666,,0.5555555555555556,0.6666666666666666,0.1481481481481481,0.5,16.0,,,0.0666666666666666,,,,False,,1.0,,1.0,4.0,,,1.0,,0.037037037037037,,,,,,,,,,,,
1631132,1610612747,Christian Koloko,Christian Koloko,1631132,LAL,20490.0,342,-7.0,698,697,210,83.0,1395,35.0,49.0,11.0,,2.0,,2.0,,1.0,40.0,62.0,,4.0,90.0,762,,2.0,17.0,66.0,,2.0,,8.0,9.0,7.0,16.0,5.0,2.0,6.0,39.0,7.0,,12.0,35.0,44.0,4.0,0.825,0.9428571428571428,,,,,0.6451612903225806,0.6060606060606061,0.4375,0.6164383561643836,0.4473684210526316,0.0606060606060606,0.1290322580645161,0.1224489795918367,10.773130544993665,0.7424242424242424,0.7142857142857143,0.813953488372093,0.8857142857142857,0.1666666666666666,0.0303030303030303,,,,0.0303030303030303,,,,0.0625,,,0.803030303030303,,0.6024780303030305,0.1888888888888888,3.2870967741935484,24.975,222.0,13.0,24.0,29.0,4.0,57.0,35.0,92.0,1.0,20.0,14.0,4.0,221.0,1.0,0.25,0.1883116883116883,0.1481481481481481,0.0760233918128654,0.1677215189873417,0.103244837758112,0.0930232558139534,0.15,0.1705426356589147,0.0571428571428571,0.0606060606060606,0.318051575931232,11.0,4.0,1.0,2.0,10.0,14.0,14.0,,2.0,8.0,5.0,5.0,2.0,1.0,14.0,5.0,16.0,7.0,0.4166666666666667,0.0703125,0.2857142857142857,0.1282051282051282,0.0606060606060606,0.4375,0.3636363636363636,0.4444444444444444,0.0303030303030303,0.5,0.5,,0.6875,,1.0,,2.0,,2.0,33.0,,33.0,,0.6190476190476191,0.6346153846153846,0.0625,,,0.0952380952380952,,0.5680636363636364,0.6484714285714286,0.3666666666666666,6.0,11.0,17.0,,,7.0,3.0,13.0,19.0,7.0,10.0,1.0,22.0,1.0,2.0,3.0,3.0,3.0,,,3.0,9.0,3.0,0.5,0.6842105263157895,0.1818181818181818,0.1309523809523809,0.125,0.1666666666666666,0.0555555555555555,0.5,0.5454545454545454,0.3333333333333333,0.8095238095238095,0.6470588235294118,,,3.0,,,0.0588235294117647,,,,False,,,,7.0,,,,,,,,2.0,1.0,1.0,3.0,,,,,,,
203076,1610612747,Anthony Davis,Anthony Davis,203076,LAL,86373.0,1440,21.0,2905,2912,520,285.0,5817,204.0,279.0,260.0,,10.0,28.0,84.0,,5.0,372.0,664.0,28.0,94.0,1081.0,3343,,5.0,153.0,444.0,81.0,84.0,28.0,34.0,84.0,57.0,141.0,43.0,14.0,53.0,339.0,37.0,1.0,93.0,48.0,82.0,12.0,0.5967741935483871,0.683076923076923,0.9642857142857144,0.2978723404255319,,0.2978723404255319,0.5602409638554217,0.5461741424802111,0.5526315789473685,0.6018930957683741,0.583969465648855,0.1240105540897097,0.0512048192771084,0.046594982078853,30.53152039555006,0.3680738786279683,0.7311827956989247,0.7669172932330827,0.5931372549019608,0.3430079155672823,0.0131926121372031,,,,0.1108179419525065,0.3333333333333333,0.3333333333333333,0.9642857142857144,0.043859649122807,,,0.4920844327176781,0.3333333333333333,0.5228928759894458,0.1415356151711378,7.225451807228914,25.95851063829787,738.0,39.0,172.0,194.0,14.0,380.0,119.0,499.0,11.0,235.0,321.0,139.0,728.0,3.0,0.2592592592592592,0.2763532763532763,0.2415730337078651,0.0687830687830687,0.2588401697312588,0.0935023771790808,0.046875,0.2727272727272727,0.2388888888888889,0.1627906976744186,0.1816993464052287,0.2540447504302926,85.0,114.0,54.0,125.0,253.0,109.0,300.0,3.0,21.0,54.0,38.0,56.0,27.0,3.0,85.0,31.0,90.0,61.0,0.6021505376344086,0.0751708428246013,0.2627118644067797,0.2861035422343324,0.25,0.6777777777777778,0.4384615384615384,0.4710743801652892,0.1649076517150395,0.432,0.4426229508196721,0.5925925925925926,0.7456140350877193,,,9.0,24.0,9.0,27.0,317.0,2.0,310.0,0.3333333333333333,0.5918918918918918,0.6443089430894309,,,,0.1297297297297297,0.375,0.5717192771084337,0.5344705405405407,0.2932469935245143,54.0,53.0,77.0,,3.0,63.0,27.0,96.0,158.0,98.0,94.0,10.0,79.0,15.0,12.0,29.0,8.0,25.0,8.0,,38.0,52.0,29.0,0.5779816513761468,0.6075949367088608,0.0692307692307692,0.1136690647482014,0.1625615763546798,0.1130434782608695,0.0471698113207547,0.6052631578947368,0.6352941176470588,0.0555555555555555,0.4162162162162162,0.6883116883116883,0.0162162162162162,,16.0,3.0,2.0,0.0476190476190476,,,,False,,,,14.0,38.0,,,1.0,1.0,0.0135135135135135,0.024,5.0,3.0,2.0,,1.0,1.0,2.0,1.0,0.0105263157894736,,
2544,1610612747,LeBron James,LeBron James,2544,LAL,145448.0,2424,-54.0,4941,4943,956,459.0,9884,284.0,382.0,311.0,12.0,36.0,135.0,356.0,9.0,29.0,497.0,867.0,147.0,392.0,1694.0,5782,11.0,37.0,146.0,378.0,306.0,354.0,135.0,50.0,377.0,193.0,570.0,122.0,71.0,268.0,1333.0,101.0,3.0,257.0,42.0,97.0,10.0,0.380281690140845,0.3962264150943396,0.6938775510204082,0.375,0.2972972972972973,0.3769230769230769,0.5732410611303345,0.5698967434471803,0.5375,0.6019244476122595,0.5615384615384615,0.3113582208101668,0.0576701268742791,0.0680628272251308,30.24230278739297,0.3034154090548054,0.743455497382199,0.797752808988764,0.4612676056338028,0.2470214455917394,0.028594122319301,0.3333333333333333,0.3333333333333333,1.0,0.2827640984908657,0.3792134831460674,0.380281690140845,0.6666666666666666,0.2416666666666666,0.3103448275862069,0.8888888888888888,0.6147736298649722,0.3813559322033898,0.52428846459825,0.0861865407319952,7.378200692041521,26.78392857142855,1081.0,32.0,229.0,211.0,31.0,471.0,71.0,542.0,58.0,264.0,331.0,149.0,1062.0,5.0,0.3131313131313131,0.1830008673026886,0.1942324003392705,0.0285714285714285,0.1886792452830188,0.0331311245916938,0.0344827586206896,0.2159090909090909,0.210467706013363,0.1103047895500725,0.1515768056968464,0.2187816231532078,44.0,142.0,71.0,174.0,259.0,83.0,616.0,135.0,89.0,70.0,57.0,156.0,113.0,2.0,39.0,20.0,39.0,20.0,0.6070038910505836,0.0265060240963855,0.1670951156812339,0.1836734693877551,0.1423487544483986,0.5128205128205128,0.4565916398713826,0.494773519163763,0.1382049245432883,0.4080459770114942,0.4080459770114942,0.2112676056338028,0.3666666666666666,2.0,8.0,27.0,70.0,29.0,74.0,348.0,9.0,339.0,0.3918918918918919,0.5926724137931034,0.6286231884057971,0.0666666666666666,0.25,1.0,0.3017241379310345,0.3857142857142857,0.5202559210526316,0.517073695652174,0.2054309327036599,31.0,59.0,80.0,2.0,4.0,48.0,17.0,94.0,158.0,73.0,40.0,20.0,39.0,23.0,14.0,43.0,11.0,55.0,10.0,,25.0,17.0,20.0,0.5783132530120482,0.5949367088607594,0.0771704180064308,0.0381231671554252,0.0560471976401179,0.0351239669421487,0.0412186379928315,0.3028169014084507,0.7045454545454546,0.2903225806451613,0.3448275862068966,0.7375,0.0172413793103448,0.5,13.0,5.0,9.0,0.015,1.0,0.0025510204081632,0.0028089887640449,False,2.0,2.0,,10.0,33.0,1.0,,,1.0,,,,,,,,3.0,2.0,,0.0075949367088607,,
1629637,1610612747,Jaxson Hayes,Jaxson Hayes,1629637,LAL,65562.0,1093,88.0,2231,2232,372,197.0,4463,145.0,180.0,40.0,,1.0,,2.0,,,161.0,220.0,,3.0,383.0,2498,,,53.0,276.0,,2.0,,11.0,22.0,36.0,58.0,27.0,9.0,9.0,152.0,27.0,1.0,43.0,95.0,136.0,10.0,0.8571428571428571,0.9452054794520548,,,,,0.7318181818181818,0.7219730941704036,0.6111111111111112,0.7199248120300752,0.6309523809523809,0.0134529147982062,0.05,0.0277777777777777,12.515188335358443,0.8071748878923767,0.8055555555555556,0.8285714285714286,0.8551724137931035,0.179372197309417,0.0044843049327354,,,,0.0089686098654708,,,,,,,0.820627802690583,,0.6260766816143499,0.1383812010443864,2.579090909090909,26.399999999999995,369.0,38.0,90.0,90.0,11.0,191.0,78.0,269.0,4.0,112.0,98.0,47.0,369.0,2.0,0.2340425531914893,0.1584507042253521,0.1720841300191204,0.0708955223880597,0.1649862511457378,0.0770020533880903,0.064,0.1011235955056179,0.1704834605597964,0.1821705426356589,0.1843137254901961,0.1653966831017481,32.0,16.0,,,61.0,36.0,46.0,,11.0,31.0,18.0,16.0,10.0,6.0,47.0,25.0,51.0,23.0,0.3720930232558139,0.072992700729927,0.1508379888268156,0.18,0.1769230769230769,0.4509803921568627,0.4,0.4705882352941176,,,,,0.8888888888888888,,,,1.0,,2.0,57.0,1.0,57.0,,0.76,0.7916666666666666,,,,0.04,,0.6084625,0.665276,0.1488250652741514,21.0,19.0,21.0,,1.0,22.0,9.0,19.0,23.0,19.0,30.0,2.0,37.0,6.0,,6.0,8.0,4.0,17.0,,8.0,22.0,8.0,0.6111111111111112,0.8260869565217391,0.15,0.0844748858447488,0.1111111111111111,0.0887850467289719,0.125,0.875,0.65625,0.1904761904761904,0.84,0.9047619047619048,0.04,,13.0,,1.0,0.025,,,,False,,2.0,,17.0,12.0,4.0,,3.0,5.0,0.0588235294117647,,4.0,3.0,1.0,2.0,,,,,,,
1630559,1610612747,Austin Reaves,Austin Reaves,1630559,LAL,149777.0,2496,230.0,5092,5095,833,477.0,10187,132.0,190.0,249.0,32.0,67.0,164.0,449.0,12.0,31.0,270.0,493.0,196.0,516.0,1444.0,5863,16.0,37.0,96.0,242.0,426.0,441.0,164.0,41.0,260.0,151.0,411.0,100.0,51.0,177.0,973.0,38.0,2.0,175.0,79.0,146.0,8.0,0.4481481481481481,0.4583333333333333,0.7244897959183674,0.3798449612403101,0.4324324324324324,0.3858267716535433,0.5476673427991886,0.5589692765113974,0.6060606060606061,0.6181818181818182,0.6333333333333333,0.5113974231912785,0.0831643002028397,0.0526315789473684,23.48779625044217,0.1883052527254707,0.6947368421052632,0.7333333333333333,0.4772727272727273,0.2467789890981169,0.066402378592666,0.4776119402985074,0.4776119402985074,1.0,0.4449950445986125,0.3652561247216035,0.3685393258426966,0.6707317073170732,0.4696969696969697,0.3870967741935484,0.9166666666666666,0.6997026759167493,0.3718820861678004,0.5239145145145143,0.0664819944598338,6.94685598377282,26.907364341085263,1015.0,28.0,151.0,104.0,2.0,257.0,61.0,318.0,14.0,316.0,361.0,137.0,994.0,12.0,0.018348623853211,0.086092715231788,0.1233660130718954,0.025089605734767,0.1048519736842105,0.027434842249657,0.029090909090909,0.1608040201005025,0.1256830601092896,0.1357142857142857,0.2314189189189189,0.1993322859387274,19.0,115.0,23.0,54.0,316.0,29.0,298.0,162.0,61.0,79.0,55.0,137.0,89.0,17.0,18.0,6.0,22.0,11.0,0.7828571428571428,0.0237812128418549,0.0613810741687979,0.0776699029126213,0.116504854368932,0.5,0.4618473895582329,0.5227272727272727,0.0535183349851337,0.4259259259259259,0.4423076923076923,0.391304347826087,0.2878787878787879,4.0,6.0,24.0,95.0,28.0,106.0,290.0,19.0,278.0,0.2641509433962264,0.4603960396039604,0.5637450199203188,0.0909090909090909,0.6666666666666666,1.0,0.4702970297029702,0.2526315789473684,0.5482909090909093,0.5108005181347152,0.2008310249307479,11.0,26.0,40.0,4.0,11.0,16.0,16.0,51.0,96.0,104.0,12.0,22.0,32.0,19.0,6.0,48.0,7.0,36.0,3.0,,35.0,12.0,27.0,0.5517241379310345,0.53125,0.1164658634538152,0.0298786181139122,0.0280898876404494,0.0328185328185328,0.040084388185654,0.4260869565217391,0.5789473684210527,0.3636363636363636,0.198019801980198,0.65,0.0544554455445544,0.3636363636363636,24.0,18.0,4.0,0.0253807106598984,4.0,0.0077519379844961,0.0089086859688195,False,8.0,3.0,,10.0,38.0,,,1.0,,0.0082644628099173,0.037037037037037,4.0,3.0,1.0,,1.0,15.0,,,0.0284090909090909,3.0,
1631108,1610612747,Max Christie,Max Christie,1631108,LAL,69245.0,1154,-17.0,2317,2343,462,220.0,4660,52.0,65.0,50.0,30.0,71.0,30.0,92.0,2.0,8.0,68.0,125.0,60.0,163.0,390.0,2686,3.0,10.0,22.0,92.0,171.0,89.0,30.0,17.0,32.0,34.0,66.0,22.0,12.0,23.0,166.0,10.0,1.0,39.0,44.0,73.0,3.0,0.6764705882352942,0.6865671641791045,0.95,0.3680981595092024,0.3,0.375,0.544,0.5486111111111112,0.3695652173913043,0.6,0.44,0.5659722222222222,0.136,0.0461538461538461,14.103060829135996,0.2256944444444444,0.8,0.8387096774193549,0.75,0.1736111111111111,0.2465277777777778,0.4225352112676056,0.4225352112676056,0.9333333333333332,0.3194444444444444,0.3260869565217391,0.3296703296703296,0.9666666666666668,0.3478260869565217,0.25,1.0,0.7916666666666666,0.3370786516853932,0.5587056338028169,0.0564102564102564,5.379200000000001,25.34233128834357,566.0,14.0,50.0,47.0,1.0,98.0,25.0,123.0,3.0,62.0,87.0,44.0,562.0,7.0,0.0238095238095238,0.0831858407079646,0.0914076782449725,0.0285132382892057,0.0872302158273381,0.0242718446601941,0.0082644628099173,0.0793650793650793,0.0867469879518072,0.140625,0.2802547770700637,0.2442813983599482,5.0,15.0,1.0,10.0,74.0,13.0,44.0,9.0,6.0,35.0,28.0,29.0,14.0,4.0,19.0,7.0,21.0,13.0,0.7435897435897436,0.0351351351351351,0.0730337078651685,0.0895061728395061,0.106060606060606,0.6190476190476191,0.3,0.4166666666666667,0.0347222222222222,0.1,0.1,1.0,0.217391304347826,1.0,2.0,9.0,25.0,14.0,35.0,102.0,,102.0,0.4,0.6229508196721312,0.68,0.0869565217391304,0.5,1.0,0.4098360655737705,0.36,0.5489312500000001,0.5421166666666667,0.2615384615384615,3.0,12.0,14.0,5.0,10.0,4.0,5.0,17.0,26.0,26.0,2.0,3.0,11.0,4.0,2.0,15.0,2.0,12.0,3.0,,5.0,11.0,5.0,0.3076923076923077,0.6538461538461539,0.28,0.0204081632653061,0.0258064516129032,0.007380073800738,0.0300751879699248,0.4,0.6,,0.2295081967213114,0.8571428571428571,0.1639344262295081,0.5,7.0,,,0.0442477876106194,1.0,0.0061349693251533,0.0108695652173913,False,3.0,,,4.0,12.0,,,,,,,2.0,1.0,1.0,,,1.0,1.0,,0.0061349693251533,1.0,
1642261,1610612747,Dalton Knecht,Dalton Knecht,1642261,LAL,85210.0,1420,-32.0,2829,2834,584,295.0,5663,82.0,105.0,73.0,41.0,92.0,80.0,229.0,9.0,20.0,123.0,201.0,121.0,321.0,671.0,3325,13.0,30.0,78.0,188.0,339.0,227.0,80.0,22.0,35.0,26.0,61.0,18.0,8.0,22.0,148.0,12.0,,31.0,61.0,90.0,5.0,0.7642276422764228,0.8034188034188035,0.9338842975206612,0.3769470404984423,0.4333333333333333,0.3793103448275862,0.6119402985074627,0.5833333333333334,0.6509433962264151,0.6009009009009009,0.6754385964912281,0.6149425287356322,0.1094527363184079,0.0761904761904762,18.40452261306533,0.2011494252873563,0.780952380952381,0.845360824742268,0.8170731707317073,0.1398467432950191,0.1762452107279693,0.4456521739130434,0.4505494505494505,1.0,0.4386973180076628,0.3493449781659388,0.3524229074889868,0.9,0.3773584905660377,0.45,1.0,0.8160919540229885,0.3524229074889868,0.5500330443159925,0.1162444113263785,5.977114427860699,25.74080996884736,668.0,26.0,91.0,59.0,17.0,167.0,36.0,203.0,2.0,55.0,82.0,29.0,663.0,4.0,0.2575757575757575,0.0911901081916537,0.1285310734463277,0.0414673046251993,0.1107011070110701,0.028548770816812,0.054054054054054,0.1132075471698113,0.1348314606741573,0.0615942028985507,0.1283185840707964,0.2361258395192647,14.0,31.0,10.0,23.0,62.0,23.0,58.0,24.0,11.0,22.0,18.0,19.0,14.0,1.0,6.0,4.0,7.0,2.0,0.6129032258064516,0.0375782881002087,0.0588235294117647,0.10625,0.1091954022988505,0.2857142857142857,0.4246575342465753,0.5254237288135594,0.0440613026819923,0.4347826086956521,0.4347826086956521,0.7,0.2641509433962264,4.0,10.0,20.0,60.0,28.0,74.0,145.0,,145.0,0.3783783783783784,0.5378151260504201,0.5708661417322834,0.1886792452830188,0.4,1.0,0.5042016806722689,0.3333333333333333,0.541598275862069,0.5347982758620691,0.2160953800298062,9.0,16.0,23.0,8.0,14.0,15.0,9.0,22.0,45.0,17.0,12.0,2.0,10.0,8.0,2.0,5.0,2.0,11.0,5.0,,3.0,2.0,3.0,0.6521739130434783,0.4888888888888889,0.1917808219178082,0.0157728706624605,0.0257731958762886,0.0125786163522012,0.032520325203252,0.6451612903225806,0.6428571428571429,0.3333333333333333,0.1932773109243697,0.6956521739130435,0.1176470588235294,0.5714285714285714,4.0,5.0,,0.0081967213114754,3.0,0.0093457943925233,0.0087336244541484,False,2.0,2.0,,4.0,4.0,,0.0108695652173913,,,,,1.0,1.0,,,,5.0,,,0.0153374233128834,,
1642355,1610612747,Bronny James,Bronny James,1642355,LAL,8111.0,135,-47.0,270,273,112,28.0,543,3.0,5.0,17.0,,5.0,4.0,14.0,,,7.0,27.0,4.0,19.0,34.0,303,,1.0,2.0,8.0,12.0,14.0,4.0,4.0,12.0,3.0,15.0,1.0,2.0,10.0,33.0,4.0,,8.0,7.0,11.0,,0.5714285714285714,0.5714285714285714,1.0,0.2105263157894736,,0.2105263157894736,0.2592592592592592,0.2826086956521739,,0.33,0.1666666666666666,0.4130434782608695,0.1481481481481481,0.2,18.77022653721683,0.108695652173913,0.6,0.75,0.3333333333333333,0.3695652173913043,0.108695652173913,,,,0.3043478260869565,0.2857142857142857,0.2857142857142857,1.0,,,,0.5217391304347826,0.2857142857142857,0.4761358695652175,0.0588235294117647,8.21111111111111,25.76315789473684,83.0,2.0,6.0,4.0,,10.0,4.0,14.0,2.0,6.0,10.0,5.0,82.0,3.0,,0.0677966101694915,0.0869565217391304,0.03125,0.078125,0.0296296296296296,0.0555555555555555,0.1,0.08,0.1,0.1612903225806451,0.3074074074074074,1.0,2.0,2.0,5.0,8.0,3.0,6.0,,2.0,8.0,6.0,4.0,4.0,,2.0,2.0,2.0,1.0,0.5,0.0217391304347826,0.0434782608695652,0.0769230769230769,0.1052631578947368,0.5,0.1176470588235294,0.1428571428571428,0.108695652173913,0.4,0.4,0.5,0.25,,1.0,2.0,6.0,2.0,8.0,12.0,,12.0,0.25,0.4166666666666667,0.4615384615384615,0.25,,,0.5,0.3333333333333333,0.43105,0.4929583333333334,0.3529411764705882,,1.0,2.0,,2.0,,2.0,2.0,4.0,2.0,,,2.0,1.0,2.0,,,5.0,,,,,,,0.5,0.1764705882352941,0.028169014084507,0.05,,0.0333333333333333,1.0,,,0.1666666666666666,0.5,0.1666666666666666,,2.0,1.0,,0.0714285714285714,,,,False,,,,,1.0,,,,1.0,,,,,,,,,,,,,
1642422,1610612747,Armel Traoré,Armel Traoré,1642422,LAL,4000.0,67,-49.0,138,136,40,16.0,274,6.0,10.0,2.0,,5.0,,2.0,,,6.0,12.0,,7.0,14.0,167,,1.0,2.0,10.0,,2.0,,1.0,,1.0,1.0,1.0,,,3.0,1.0,,3.0,,6.0,1.0,0.8333333333333334,1.0,,,,,0.5,0.3157894736842105,0.5,0.3181818181818182,0.3333333333333333,0.3684210526315789,0.0833333333333333,0.1,16.129032258064516,0.5263157894736842,0.6,0.6666666666666666,0.8333333333333334,0.1052631578947368,0.2631578947368421,,,,0.1052631578947368,,,,,,,0.8947368421052632,,0.6311236842105263,0.1428571428571428,2.433333333333333,23.814285714285717,60.0,,8.0,3.0,2.0,13.0,2.0,15.0,,5.0,7.0,2.0,60.0,2.0,0.5,0.125,0.2962962962962963,,0.2156862745098039,0.0144927536231884,,0.3333333333333333,0.2727272727272727,0.1,0.1538461538461538,0.4347826086956521,1.0,,,,2.0,1.0,2.0,,,4.0,2.0,2.0,,,2.0,1.0,2.0,1.0,0.6666666666666666,,0.125,0.0769230769230769,0.4,0.5,,,,,,,0.5,,1.0,,1.0,,2.0,3.0,,3.0,,0.1666666666666666,0.1875,0.5,,,0.1666666666666666,,0.4515,0.64015,0.2142857142857142,1.0,1.0,3.0,,1.0,1.0,,1.0,4.0,1.0,2.0,,1.0,1.0,,2.0,1.0,2.0,,,2.0,1.0,2.0,1.0,0.25,,0.0263157894736842,0.0833333333333333,,0.0909090909090909,,1.0,,0.5,0.3333333333333333,0.1666666666666666,,2.0,,,,,,,False,,1.0,,1.0,1.0,,,1.0,,0.1428571428571428,,,,,,,,,,,,
1642439,1610612747,Quincy Olivari,Quincy Olivari,1642439,LAL,618.0,10,-18.0,22,20,10,4.0,42,,,,,1.0,1.0,4.0,,,,,1.0,5.0,3.0,33,,,,,3.0,4.0,1.0,,1.0,,1.0,,,1.0,2.0,1.0,,1.0,,,,,,1.0,0.2,,0.2,,0.3,,0.3,,1.0,,,23.07692307692308,,,,,,0.2,,,,0.8,0.25,0.25,1.0,,,,1.0,0.25,0.52974,,,25.9,1.0,,,,,,,,1.0,1.0,,,1.0,,,,,,,,,,,,,0.0454545454545454,,,,,,,,,,,,,,,,,,,,,,,,,,,,,,,,,,,,,,,,,,,,,,,,,,,,,,,,,,,,,,,,,,,,,,,,,,,,,,,,,,,,,,,,,,,,,,,,False,,,,,,,,,,,,,,,,,,,,,,
1641721,1610612747,Maxwell Lewis,Maxwell Lewis,1641721,LAL,1763.0,29,-25.0,60,57,21,8.0,117,2.0,2.0,1.0,,,,,,,2.0,6.0,,,4.0,69,,,2.0,2.0,,,,,1.0,1.0,2.0,1.0,,1.0,5.0,2.0,,2.0,1.0,1.0,,0.5,1.0,,,,,0.3333333333333333,0.3333333333333333,1.0,0.3333333333333333,1.0,,,,11.76470588235294,0.3333333333333333,1.0,1.0,0.5,0.1666666666666666,,,,,,,,,,,,0.3333333333333333,,0.4514499999999999,0.5,12.533333333333331,,30.0,2.0,,,,,2.0,2.0,,,,,30.0,,,,,0.125,,0.0588235294117647,,,,,,0.5,1.0,,,3.0,,1.0,2.0,,,1.0,1.0,,,,,,,,,0.1333333333333333,,,,,,,0.5,,,,1.0,,,,,,,,,,,,,,,,,,,0.3503,,1.0,,,,,1.0,,,1.0,,2.0,,,,2.0,,,1.0,,,,,,1.0,,,,,,,,1.0,,,,,,,,,,,,,False,,,,,,,,,,,,,,,,,,,,,,
1627827,1610612747,Dorian Finney-Smith,Dorian Finney-Smith,1627827,LAL,72915.0,1215,272.0,2430,2433,462,245.0,4863,29.0,46.0,20.0,35.0,81.0,44.0,121.0,2.0,6.0,39.0,67.0,79.0,202.0,330.0,2713,4.0,9.0,45.0,54.0,237.0,120.0,44.0,9.0,21.0,35.0,56.0,26.0,9.0,9.0,147.0,14.0,2.0,37.0,39.0,78.0,7.0,0.6923076923076923,0.84375,1.0,0.3910891089108911,0.4444444444444444,0.3930348258706467,0.582089552238806,0.5855018587360595,0.5675675675675675,0.5913978494623656,0.5769230769230769,0.7509293680297398,0.1343283582089552,0.0869565217391304,11.62191982346451,0.1710037174721189,0.6304347826086957,0.6904761904761905,0.6551724137931034,0.0743494423791821,0.3011152416356877,0.4320987654320987,0.4430379746835443,1.0,0.449814126394052,0.3636363636363636,0.3728813559322034,1.0,0.1621621621621621,0.3333333333333333,1.0,0.9219330855018588,0.3666666666666666,0.5614158582089553,0.1363636363636363,3.6447761194029855,25.177227722772276,556.0,21.0,56.0,48.0,3.0,107.0,49.0,156.0,2.0,19.0,21.0,7.0,545.0,4.0,0.0566037735849056,0.0792079207920792,0.0927152317880794,0.0351170568561872,0.0859504132231405,0.0444234404536862,0.0328947368421052,0.075268817204301,0.0894854586129754,0.0254545454545454,0.0958904109589041,0.2288065843621399,22.0,9.0,1.0,1.0,15.0,28.0,24.0,,9.0,40.0,24.0,23.0,18.0,1.0,10.0,7.0,11.0,5.0,0.6216216216216216,0.0358744394618834,0.0669642857142857,0.0899653979238754,0.1019108280254777,0.4545454545454545,0.45,0.6,0.0037174721189591,1.0,1.0,1.0,0.5945945945945946,2.0,3.0,9.0,25.0,19.0,44.0,88.0,,88.0,0.4318181818181818,0.626984126984127,0.6470588235294118,0.081081081081081,0.6666666666666666,1.0,0.3968253968253968,0.36,0.5628096153846154,0.5436266129032257,0.2666666666666666,11.0,6.0,10.0,10.0,19.0,15.0,3.0,11.0,19.0,9.0,14.0,3.0,26.0,4.0,2.0,5.0,5.0,3.0,3.0,1.0,4.0,3.0,4.0,0.5357142857142857,0.5789473684210527,0.25,0.0565217391304347,0.1111111111111111,0.0352422907488986,0.0300751879699248,0.7777777777777778,0.5,0.0909090909090909,0.1587301587301587,0.6,0.3015873015873015,0.5263157894736842,16.0,,5.0,0.0224719101123595,5.0,0.0247524752475247,0.024793388429752,False,1.0,,,4.0,1.0,1.0,0.0246913580246913,2.0,,0.0294117647058823,,1.0,,1.0,,,,,,,,
1629003,1610612747,Shake Milton,Shake Milton,1629003,LAL,17732.0,296,-19.0,589,589,182,77.0,1178,15.0,22.0,26.0,5.0,14.0,2.0,15.0,1.0,3.0,28.0,53.0,7.0,29.0,96.0,668,2.0,6.0,19.0,22.0,21.0,15.0,2.0,4.0,23.0,10.0,33.0,7.0,3.0,14.0,76.0,5.0,1.0,14.0,13.0,23.0,,0.3928571428571428,0.4782608695652174,1.0,0.2413793103448276,0.3333333333333333,0.2413793103448276,0.5283018867924528,0.4695121951219512,0.5333333333333333,0.5274725274725275,0.59375,0.3536585365853658,0.0754716981132075,0.0909090909090909,15.486725663716811,0.2682926829268293,0.6818181818181818,0.75,0.4,0.3170731707317073,0.1707317073170731,0.3571428571428571,0.4166666666666667,1.0,0.1829268292682926,0.1333333333333333,0.1333333333333333,1.0,0.2,0.3333333333333333,1.0,0.6219512195121951,0.1333333333333333,0.5196713414634145,0.1979166666666666,6.764150943396228,25.193103448275867,196.0,5.0,15.0,18.0,1.0,34.0,10.0,44.0,3.0,22.0,22.0,11.0,194.0,1.0,0.0625,0.1224489795918367,0.1048951048951049,0.037593984962406,0.1137931034482758,0.0319148936170212,0.05,0.0833333333333333,0.0943396226415094,0.1235955056179775,0.1833333333333333,0.33276740237691,6.0,12.0,1.0,5.0,19.0,9.0,34.0,,5.0,10.0,5.0,9.0,6.0,,2.0,1.0,2.0,1.0,0.6428571428571429,0.032258064516129,0.0769230769230769,0.1690140845070422,0.1351351351351351,0.5,0.4615384615384615,0.5,0.0609756097560975,0.2,0.2,,0.4,1.0,3.0,,5.0,3.0,11.0,28.0,,28.0,0.2727272727272727,0.4565217391304347,0.5384615384615384,0.2,0.3333333333333333,1.0,0.217391304347826,,0.498425,0.5322326086956523,0.2916666666666667,5.0,4.0,7.0,3.0,6.0,5.0,3.0,6.0,12.0,7.0,10.0,4.0,4.0,1.0,,3.0,2.0,7.0,,,2.0,1.0,2.0,0.5555555555555556,0.5,0.0769230769230769,0.0268456375838926,0.0263157894736842,0.0348837209302325,0.0256410256410256,0.4166666666666667,0.8333333333333334,,0.3043478260869565,0.5714285714285714,0.2608695652173913,0.5,5.0,,,,2.0,0.0689655172413793,,False,,1.0,,,4.0,,0.1428571428571428,1.0,,0.0666666666666666,,,,,,,,,,,,
1629020,1610612747,Jarred Vanderbilt,Jarred Vanderbilt,1629020,LAL,33420.0,557,64.0,1132,1128,342,142.0,2260,46.0,76.0,11.0,7.0,23.0,,6.0,,,48.0,87.0,7.0,29.0,137.0,1287,1.0,3.0,42.0,66.0,21.0,5.0,,17.0,21.0,18.0,39.0,10.0,8.0,14.0,96.0,12.0,4.0,28.0,25.0,66.0,5.0,0.6875,0.9428571428571428,1.0,0.2413793103448276,0.3333333333333333,0.25,0.5517241379310345,0.5043103448275862,0.546875,0.5269230769230769,0.5833333333333334,0.25,0.1954022988505747,0.1710526315789473,12.098009188361408,0.6551724137931034,0.6052631578947368,0.7301587301587301,0.6739130434782609,0.0948275862068965,0.1982758620689655,0.3043478260869565,0.3043478260869565,1.0,0.0517241379310344,,,,,,,0.9051724137931034,,0.6169152173913043,0.3065693430656934,2.124137931034483,25.348275862068967,332.0,33.0,59.0,41.0,7.0,107.0,67.0,174.0,,38.0,34.0,13.0,331.0,9.0,0.25,0.1782608695652174,0.2041522491349481,0.1145833333333333,0.1926782273603083,0.1259842519685039,0.1029411764705882,0.2894736842105263,0.1933962264150943,0.1023622047244094,0.1326530612244898,0.293286219081272,27.0,2.0,,,20.0,29.0,30.0,,4.0,35.0,24.0,16.0,12.0,4.0,9.0,6.0,10.0,6.0,0.5714285714285714,0.1181818181818181,0.1521739130434782,0.16,0.2337662337662337,0.6,0.1818181818181818,0.2857142857142857,,,,,0.84375,1.0,3.0,,4.0,1.0,10.0,33.0,,33.0,0.1,0.453125,0.4583333333333333,0.09375,0.3333333333333333,1.0,0.125,,0.5942454545454545,0.6058693548387095,0.2408759124087591,16.0,12.0,18.0,1.0,6.0,16.0,7.0,13.0,22.0,4.0,26.0,3.0,31.0,7.0,2.0,4.0,4.0,5.0,3.0,1.0,3.0,3.0,3.0,0.5517241379310345,0.5909090909090909,0.3636363636363636,0.1409090909090909,0.1585365853658536,0.1442307692307692,0.1666666666666666,1.0,0.5925925925925926,0.125,0.5625,0.6666666666666666,0.1875,0.1666666666666666,11.0,,1.0,0.088235294117647,,,,False,1.0,1.0,,8.0,2.0,,,3.0,1.0,0.088235294117647,,1.0,1.0,,,1.0,,,1.0,,,
1629029,1610612747,Luka Dončić,Luka Dončić,1629029,LAL,56742.0,946,195.0,1936,1916,421,209.0,3852,61.0,91.0,122.0,4.0,13.0,93.0,243.0,10.0,19.0,137.0,279.0,97.0,256.0,759.0,2156,13.0,26.0,89.0,68.0,120.0,242.0,93.0,16.0,117.0,89.0,206.0,48.0,41.0,93.0,501.0,28.0,2.0,99.0,26.0,64.0,3.0,0.2481751824817518,0.2575757575757575,0.4123711340206185,0.37890625,0.5,0.3803921568627451,0.4910394265232975,0.5280373831775701,0.6754385964912281,0.5921875,0.6846153846153846,0.4785046728971963,0.057347670250896,0.0769230769230769,33.91544117647059,0.1700934579439252,0.6703296703296703,0.7261904761904762,0.3770491803278688,0.22803738317757,0.0242990654205607,0.3076923076923077,0.3076923076923077,1.0,0.4542056074766355,0.382716049382716,0.3858921161825726,0.3870967741935484,0.3333333333333333,0.5263157894736842,0.7,0.6485981308411215,0.384297520661157,0.5122438794726932,0.1172595520421607,8.705017921146956,27.23203125000001,484.0,16.0,81.0,97.0,12.0,190.0,23.0,213.0,16.0,161.0,243.0,105.0,479.0,2.0,0.2790697674418604,0.209051724137931,0.1701680672268907,0.0323232323232323,0.1893617021276595,0.0269320843091334,0.0526315789473684,0.2588235294117647,0.1694915254237288,0.1824,0.2916666666666667,0.25,17.0,53.0,23.0,66.0,194.0,31.0,206.0,171.0,20.0,42.0,28.0,71.0,47.0,4.0,10.0,2.0,11.0,7.0,0.7171717171717171,0.0248618784530386,0.2039473684210526,0.1938325991189427,0.1721311475409836,0.6363636363636364,0.4344262295081967,0.4568965517241379,0.1233644859813084,0.3484848484848485,0.365079365079365,0.1304347826086956,0.2982456140350877,3.0,7.0,25.0,71.0,25.0,74.0,223.0,1.0,222.0,0.3378378378378378,0.5136054421768708,0.6092896174863388,0.1228070175438596,0.4285714285714285,1.0,0.4829931972789115,0.352112676056338,0.5276096153846155,0.500861888111888,0.2938076416337286,12.0,13.0,22.0,,3.0,19.0,12.0,38.0,73.0,72.0,10.0,4.0,7.0,6.0,4.0,24.0,1.0,18.0,1.0,,15.0,8.0,12.0,0.6129032258064516,0.5205479452054794,0.0491803278688524,0.0194986072423398,0.0229007633587786,0.01875,0.0217391304347826,0.1509433962264151,0.7058823529411765,0.4166666666666667,0.1496598639455782,0.5909090909090909,0.0204081632653061,,14.0,1.0,2.0,0.0147058823529411,2.0,0.0078125,0.0082304526748971,False,1.0,2.0,,3.0,24.0,,,,1.0,,0.0454545454545454,1.0,1.0,,,,9.0,,,0.0339622641509433,,
1641998,1610612747,Trey Jemison III,Trey Jemison III,1641998,LAL,12727.0,212,6.0,424,420,143,51.0,844,20.0,27.0,12.0,,,,,,,24.0,39.0,,,53.0,474,,,12.0,40.0,,,,4.0,1.0,5.0,6.0,3.0,2.0,1.0,17.0,8.0,1.0,14.0,22.0,41.0,5.0,0.8333333333333334,1.0,,,,,0.6153846153846154,0.6153846153846154,0.5,0.5888888888888889,0.5,,0.1025641025641025,0.1111111111111111,12.1900826446281,0.6923076923076923,0.7407407407407407,0.8333333333333334,0.8,0.3076923076923077,,,,,,,,,,,,0.6923076923076923,,0.5401410256410255,0.2264150943396226,3.694871794871794,,152.0,4.0,20.0,15.0,3.0,38.0,19.0,57.0,,9.0,12.0,4.0,152.0,4.0,0.25,0.1630434782608695,0.1574803149606299,0.0526315789473684,0.1598173515981735,0.1067415730337078,,0.1764705882352941,0.1555555555555555,0.0930232558139534,0.0930232558139534,0.3584905660377358,8.0,4.0,,,5.0,10.0,8.0,,,2.0,1.0,6.0,3.0,,8.0,3.0,8.0,5.0,0.4285714285714285,0.0701754385964912,0.125,0.1860465116279069,0.1621621621621621,0.625,0.3333333333333333,0.3636363636363636,,,,,0.8,,,,,,,29.0,,29.0,,0.8125,0.725,,,,,,0.5523875,0.5387875,0.5471698113207547,4.0,11.0,13.0,,,5.0,2.0,13.0,16.0,3.0,8.0,,15.0,,1.0,3.0,2.0,2.0,2.0,,2.0,5.0,2.0,0.5,0.8125,0.0833333333333333,0.1470588235294117,0.2592592592592592,0.1111111111111111,,1.0,0.5,,0.8125,0.8461538461538461,,,1.0,,1.0,0.0952380952380952,,,,False,,3.0,,2.0,,2.0,,,2.0,,,,,,,,,,,,,
1630692,1610612747,Jordan Goodwin,Jordan Goodwin,1630692,LAL,29998.0,500,12.0,1001,1001,289,134.0,2002,14.0,27.0,34.0,13.0,31.0,9.0,30.0,1.0,3.0,36.0,71.0,22.0,61.0,147.0,1151,2.0,6.0,24.0,34.0,63.0,30.0,9.0,5.0,23.0,16.0,39.0,13.0,3.0,14.0,94.0,9.0,,26.0,24.0,40.0,1.0,0.4722222222222222,0.5666666666666667,0.9545454545454546,0.360655737704918,0.3333333333333333,0.360655737704918,0.5070422535211268,0.5227272727272727,0.4583333333333333,0.5364963503649635,0.4615384615384615,0.4621212121212121,0.0704225352112676,0.1481481481481481,14.063848144952546,0.2045454545454545,0.5185185185185185,0.6086956521739131,0.2857142857142857,0.2575757575757575,0.2348484848484848,0.4193548387096774,0.4193548387096774,1.0,0.2272727272727272,0.3,0.3,0.8888888888888888,0.125,0.3333333333333333,1.0,0.6666666666666666,0.3,0.527274621212121,0.1632653061224489,7.269014084507038,24.613114754098365,250.0,24.0,33.0,33.0,3.0,69.0,36.0,105.0,4.0,10.0,11.0,2.0,248.0,4.0,0.09375,0.1601941747572815,0.1352459016393442,0.0967741935483871,0.1466666666666666,0.0741525423728813,0.0615384615384615,0.2857142857142857,0.1299435028248587,0.0150375939849624,0.0277777777777777,0.2497502497502497,14.0,17.0,5.0,10.0,9.0,18.0,38.0,3.0,9.0,26.0,12.0,17.0,11.0,2.0,11.0,6.0,11.0,5.0,0.6538461538461539,0.1092896174863388,0.1515151515151515,0.1238095238095238,0.1492537313432835,0.4545454545454545,0.5,0.5151515151515151,0.0757575757575757,0.5,0.5,0.2,0.5833333333333334,1.0,3.0,4.0,11.0,6.0,17.0,38.0,,36.0,0.3529411764705882,0.5357142857142857,0.5757575757575758,0.125,0.3333333333333333,1.0,0.3928571428571428,0.3636363636363636,0.5337125,0.5283392857142857,0.2585034013605442,6.0,3.0,5.0,2.0,6.0,8.0,2.0,6.0,11.0,8.0,12.0,,11.0,3.0,2.0,6.0,3.0,5.0,2.0,,4.0,4.0,3.0,0.4444444444444444,0.5454545454545454,0.0294117647058823,0.0491071428571428,0.0694444444444444,0.048076923076923,0.0454545454545454,0.7058823529411765,0.4285714285714285,,0.1785714285714285,0.6,0.2142857142857142,0.3333333333333333,14.0,,,0.0208333333333333,,,,False,,,,2.0,1.0,,,1.0,,0.0454545454545454,,,,,,1.0,,1.0,,,,
202693,1610612747,Markieff Morris,Markieff Morris,202693,LAL,5063.0,84,-17.0,170,167,52,13.0,337,,6.0,8.0,1.0,7.0,5.0,10.0,,,5.0,16.0,6.0,17.0,31.0,196,1.0,1.0,3.0,6.0,18.0,10.0,5.0,2.0,9.0,3.0,12.0,3.0,,5.0,27.0,2.0,,3.0,4.0,8.0,,0.6,0.6,1.0,0.3529411764705882,1.0,0.3529411764705882,0.3125,0.4242424242424242,0.5,0.4428571428571428,0.5,0.5151515151515151,0.125,0.3333333333333333,20.105820105820108,0.1818181818181818,,,,0.2424242424242424,0.2121212121212121,0.1428571428571428,0.1428571428571428,1.0,0.303030303030303,0.5,0.5,1.0,,,,0.696969696969697,0.5,0.5123,0.0967741935483871,8.10625,24.705882352941178,15.0,1.0,2.0,6.0,,8.0,3.0,11.0,1.0,3.0,4.0,2.0,15.0,3.0,,0.1818181818181818,0.048780487804878,0.027027027027027,0.1081081081081081,0.0379746835443038,0.0769230769230769,0.2,0.064516129032258,0.0571428571428571,0.1111111111111111,0.088235294117647,1.0,5.0,,2.0,3.0,2.0,4.0,,4.0,1.0,,1.0,,,1.0,1.0,1.0,1.0,0.3333333333333333,,,0.2631578947368421,,1.0,0.625,0.625,0.0606060606060606,,,,0.3333333333333333,1.0,1.0,,,,,,,,,,,0.3333333333333333,1.0,1.0,,,0.53015,0.5683400000000001,,,,5.0,,,,,,5.0,,,,2.0,1.0,1.0,1.0,,,,,,,,,,,0.0476190476190476,0.0714285714285714,0.0526315789473684,0.05,0.6,,,1.0,,,,1.0,,,,,,,False,,,,,,,,,,,,,,,,,,,,,,
1641720,1610612747,Jalen Hood-Schifino,Jalen Hood-Schifino,1641720,LAL,848.0,14,8.0,32,29,18,2.0,61,,,,,,,,,,1.0,1.0,,,4.0,30,,,,,,,,,1.0,,1.0,,,,2.0,,,1.0,2.0,3.0,,,,,,,,1.0,1.0,,1.0,,,,,8.823529411764705,,,,,,,,,,,,,,,,,,,0.4493,,15.5,,17.0,,,,,,1.0,1.0,,2.0,2.0,,17.0,,,,,,,0.0909090909090909,,,,,,0.53125,,,1.0,1.0,2.0,,2.0,,1.0,,,1.0,,,1.0,,1.0,,1.0,,,,,,,,1.0,1.0,1.0,,,,,,,,,4.0,,4.0,,1.0,1.0,,,,,,,0.4493,1.0,,,,,,,,1.0,1.0,2.0,,,1.0,,,1.0,,1.0,,,1.0,1.0,1.0,,1.0,,0.1428571428571428,,,,,,,,,,,,,,0.3333333333333333,,,,False,,,,,,,,,,,,,,,,,,,,,,
1626168,1610612758,Trey Lyles,Trey Lyles,1626168,SAC,6820.0,114,-38.0,237,236,62,22.0,473,2.0,2.0,4.0,4.0,10.0,8.0,18.0,1.0,3.0,7.0,10.0,12.0,28.0,53.0,285,2.0,5.0,13.0,10.0,36.0,18.0,8.0,1.0,2.0,1.0,3.0,,1.0,,7.0,,,1.0,2.0,3.0,,0.7142857142857143,0.7142857142857143,1.0,0.42857142857142855,0.4,0.42857142857142855,0.7,0.6578947368421053,0.75,0.6794871794871795,0.8125,0.7368421052631579,0.1,,15.325670498084293,0.05263157894736842,1.0,1.0,1.0,0.10526315789473684,0.2631578947368421,0.4,0.4,1.0,0.47368421052631576,0.4444444444444444,0.4444444444444444,1.0,0.375,0.3333333333333333,1.0,0.7894736842105263,0.4444444444444444,0.5349394736842106,0.24528301886792453,8.879999999999999,25.217857142857145,62.0,2.0,7.0,7.0,5.0,19.0,2.0,21.0,,4.0,3.0,2.0,62.0,1.0,0.5,0.14285714285714285,0.14,0.03333333333333333,0.1414141414141414,0.016,0.06666666666666667,0.15384615384615385,0.1794871794871795,0.05128205128205128,0.18181818181818182,0.2616033755274262,1.0,2.0,3.0,4.0,3.0,3.0,4.0,,1.0,4.0,2.0,1.0,1.0,1.0,2.0,1.0,2.0,1.0,1.0,0.022222222222222223,,0.18518518518518517,,0.5,0.5,0.6666666666666666,0.10526315789473684,0.75,0.75,0.6666666666666666,0.125,1.0,2.0,1.0,4.0,2.0,6.0,14.0,1.0,14.0,0.3333333333333333,0.6666666666666666,0.7,0.25,0.5,1.0,0.4444444444444444,0.25,0.46675,0.5211666666666667,0.2641509433962264,1.0,1.0,1.0,1.0,2.0,3.0,1.0,3.0,3.0,2.0,,1.0,,,,,,,,,,1.0,,1.0,1.0,0.25,,,,,0.5,1.0,1.0,0.1111111111111111,1.0,0.2222222222222222,0.5,2.0,,,,,,,True,,,,,1.0,1.0,,,,,,,,,,,,,,,,
1627734,1610612758,Domantas Sabonis,Domantas Sabonis,1627734,SAC,516.0,9,-16.0,18,18,1,,36,,,1.0,,,,1.0,,,1.0,1.0,,1.0,2.0,29,,,,,,1.0,,,1.0,1.0,2.0,1.0,,,5.0,1.0,,1.0,1.0,1.0,,,,,,,,1.0,0.5,,0.5,,0.5,,,16.666666666666668,,,,,0.5,,,,,0.5,,,,,,,0.5,,0.52245,,4.4,25.8,,,1.0,,,1.0,,1.0,,,,,,,,,0.125,,0.125,,,,,,,,,1.0,,,,,2.0,,,,,,,,,,,,,,,,1.0,,1.0,1.0,,,,,,,,,,,,,,,,,,,,,,,,,,,,,,,,,,,,,1.0,,,1.0,,,,,,,,,,,,,,,,,,,,,,,,,,,,,,True,,,,,,,,,,,,,,,,,,,,,,
1628368,1610612758,De'Aaron Fox,De'Aaron Fox,1628368,SAC,10835.0,181,-92.0,372,376,96,39.0,748,9.0,13.0,41.0,1.0,2.0,8.0,36.0,,5.0,28.0,69.0,9.0,38.0,113.0,479,,5.0,,16.0,9.0,35.0,8.0,4.0,16.0,18.0,34.0,13.0,5.0,9.0,86.0,2.0,,10.0,9.0,14.0,,0.2857142857142857,0.2857142857142857,0.3333333333333333,0.23684210526315788,,0.24324324324324326,0.4057971014492754,0.3878504672897196,,0.452,,0.35514018691588783,0.057971014492753624,0.07692307692307693,32.21957040572792,0.12149532710280374,0.6923076923076923,0.75,0.1111111111111111,0.38317757009345793,0.018691588785046728,0.5,0.5,,0.3364485981308411,0.2222222222222222,0.2222222222222222,0.375,0.625,,,0.4766355140186916,0.22857142857142856,0.49512735849056616,,9.481159420289853,27.102631578947364,92.0,1.0,13.0,12.0,1.0,26.0,2.0,28.0,1.0,31.0,37.0,18.0,92.0,1.0,0.09090909090909091,0.15,0.1511627906976744,0.010309278350515464,0.15060240963855423,0.010101010101010102,,0.11764705882352941,0.13043478260869565,0.14516129032258066,0.20930232558139536,0.24731182795698925,1.0,16.0,3.0,15.0,30.0,3.0,40.0,18.0,4.0,6.0,4.0,8.0,7.0,3.0,1.0,,1.0,1.0,0.8,0.01282051282051282,0.08333333333333333,0.17647058823529413,0.23529411764705882,1.0,0.3902439024390244,0.42105263157894735,0.14018691588785046,0.2,0.2,0.6666666666666666,0.125,,,2.0,7.0,2.0,8.0,30.0,,30.0,0.25,0.391304347826087,0.5172413793103449,,,,0.30434782608695654,0.2857142857142857,0.49675,0.5167840909090908,0.26548672566371684,,2.0,4.0,,1.0,,,6.0,15.0,12.0,,3.0,1.0,1.0,1.0,1.0,,4.0,,,1.0,1.0,1.0,,0.4,0.07317073170731707,0.009900990099009901,,0.016129032258064516,0.015384615384615385,0.3125,,,0.17391304347826086,0.5,0.043478260869565216,,2.0,,,,,,,True,1.0,,,,1.0,,,,,,,,,,,,,,,,,
1631099,1610612758,Keegan Murray,Keegan Murray,1631099,SAC,6759.0,113,-61.0,224,229,55,27.0,453,5.0,6.0,8.0,3.0,5.0,4.0,15.0,,3.0,8.0,17.0,7.0,20.0,39.0,298,2.0,5.0,6.0,12.0,21.0,15.0,4.0,1.0,2.0,,2.0,,,1.0,4.0,,,3.0,5.0,12.0,1.0,0.75,0.75,1.0,0.35,0.4,0.35,0.47058823529411764,0.5,0.6,0.5131578947368421,0.6,0.5405405405405406,0.058823529411764705,0.16666666666666666,15.95330739299611,0.16216216216216217,0.8333333333333334,1.0,0.8,0.21621621621621623,0.13513513513513514,0.6,0.6,1.0,0.40540540540540543,0.26666666666666666,0.26666666666666666,1.0,0.6,,,0.7027027027027027,0.26666666666666666,0.5372189189189189,0.15384615384615385,8.388235294117647,25.29,59.0,6.0,11.0,6.0,,17.0,11.0,28.0,,2.0,2.0,1.0,59.0,1.0,,0.12,0.19642857142857142,0.0967741935483871,0.16037735849056603,0.09649122807017543,,,0.20930232558139536,0.02631578947368421,0.05555555555555555,0.26339285714285715,,2.0,1.0,3.0,2.0,,4.0,,1.0,3.0,2.0,3.0,1.0,,2.0,1.0,2.0,2.0,1.0,0.11320754716981132,0.2,0.12121212121212122,0.15384615384615385,1.0,0.25,0.25,0.08108108108108109,0.3333333333333333,0.3333333333333333,1.0,,2.0,2.0,1.0,2.0,2.0,3.0,10.0,,10.0,0.6666666666666666,0.5,0.5,0.4,1.0,1.0,0.2,0.5,0.5514,0.504775,0.2564102564102564,,1.0,2.0,1.0,1.0,,,2.0,7.0,,,,5.0,1.0,,2.0,,1.0,,,,1.0,,,0.2857142857142857,,0.09615384615384616,,0.06896551724137931,0.047619047619047616,0.5,,,0.2,0.5,0.1,1.0,1.0,,,0.2,,,,True,,,,,,,,,,,,,,,,,,,,,,
203458,1610612758,Alex Len,Alex Len,203458,SAC,15460.0,258,-95.0,523,524,166,54.0,1047,13.0,19.0,15.0,,3.0,1.0,3.0,,,21.0,35.0,1.0,6.0,52.0,638,,,10.0,32.0,3.0,3.0,1.0,4.0,12.0,18.0,30.0,13.0,5.0,3.0,78.0,6.0,,11.0,17.0,35.0,4.0,0.7619047619047619,1.0,1.0,0.16666666666666666,,0.16666666666666666,0.6,0.5487804878048781,0.625,0.5531914893617021,0.625,0.14634146341463414,0.11428571428571428,0.15789473684210525,9.914529914529915,0.4634146341463415,0.6842105263157895,0.8125,0.6923076923076923,0.36585365853658536,0.07317073170731707,,,,0.07317073170731707,0.3333333333333333,0.3333333333333333,1.0,,,,0.6097560975609756,0.3333333333333333,0.5371682926829268,0.19230769230769232,4.66,24.3,152.0,8.0,17.0,17.0,5.0,39.0,25.0,64.0,,16.0,13.0,7.0,152.0,1.0,0.25,0.15315315315315314,0.1349206349206349,0.05925925925925926,0.14345991561181434,0.09125475285171103,0.13793103448275862,0.17391304347826086,0.11764705882352941,0.14893617021276595,0.17073170731707318,0.29063097514340347,7.0,8.0,,1.0,7.0,8.0,10.0,,6.0,8.0,8.0,5.0,3.0,,15.0,6.0,18.0,11.0,0.45454545454545453,0.03773584905660377,0.3181818181818182,0.09090909090909091,0.20833333333333334,0.6111111111111112,0.5333333333333333,0.5714285714285714,0.024390243902439025,,,,0.875,,,,,,,16.0,,16.0,,0.47058823529411764,0.47058823529411764,,,,,,0.5939,0.5090941176470588,0.3076923076923077,4.0,5.0,8.0,,,5.0,,8.0,17.0,,10.0,3.0,16.0,3.0,,2.0,2.0,5.0,4.0,,,9.0,,0.625,0.47058823529411764,0.06666666666666667,0.125,0.14285714285714285,0.14285714285714285,0.21428571428571427,0.875,0.5714285714285714,,0.47058823529411764,0.625,,,,,1.0,0.06666666666666667,,,,True,,,,1.0,1.0,,,1.0,1.0,0.14285714285714285,,3.0,3.0,,,,,,1.0,,,
1628370,1610612758,Malik Monk,Malik Monk,1628370,SAC,3433.0,57,-22.0,115,121,45,11.0,236,2.0,4.0,11.0,,,4.0,12.0,,,9.0,18.0,4.0,12.0,34.0,139,,,6.0,6.0,9.0,12.0,4.0,2.0,1.0,2.0,3.0,1.0,1.0,1.0,8.0,3.0,,4.0,6.0,10.0,,0.3333333333333333,0.3333333333333333,0.75,0.3333333333333333,,0.3333333333333333,0.5,0.5,0.75,0.53125,0.75,0.4,0.1111111111111111,0.5,28.346456692913385,0.13333333333333333,0.5,1.0,1.0,0.36666666666666664,,,,,0.4,0.3333333333333333,0.36363636363636365,0.75,,,,0.5333333333333333,0.3333333333333333,0.49322000000000005,0.17647058823529413,7.283333333333333,25.49166666666667,41.0,1.0,3.0,3.0,,6.0,1.0,7.0,1.0,6.0,5.0,1.0,41.0,,,0.11538461538461539,0.08571428571428572,0.037037037037037035,0.09836065573770492,0.01818181818181818,,0.25,0.07692307692307693,0.0625,0.05263157894736842,0.3565217391304348,3.0,7.0,,3.0,4.0,4.0,12.0,3.0,,2.0,,1.0,,3.0,1.0,,2.0,1.0,0.25,0.041666666666666664,0.5,,0.1111111111111111,0.5,0.6363636363636364,0.6363636363636364,0.1,,,,0.75,,,1.0,5.0,1.0,5.0,13.0,,13.0,0.2,0.5909090909090909,0.5909090909090909,,,,0.45454545454545453,0.2,0.4718,0.45190454545454545,0.38235294117647056,2.0,,,,,3.0,,5.0,6.0,,,,,,,1.0,,2.0,,,,1.0,,0.75,0.8333333333333334,,,,,,0.14285714285714285,0.6666666666666666,1.0,,,,,2.0,,1.0,,1.0,0.08333333333333333,0.08333333333333333,True,,1.0,,,,,,,,,,1.0,1.0,,,,1.0,,,0.07692307692307693,,
201942,1610612758,DeMar DeRozan,DeMar DeRozan,201942,SAC,8097.0,135,-69.0,275,280,62,29.0,555,4.0,4.0,26.0,2.0,4.0,1.0,7.0,,,28.0,52.0,3.0,11.0,83.0,353,1.0,2.0,9.0,22.0,9.0,7.0,1.0,2.0,8.0,8.0,16.0,5.0,3.0,1.0,40.0,,,1.0,5.0,6.0,,0.39285714285714285,0.39285714285714285,1.0,0.2727272727272727,0.5,0.2727272727272727,0.5384615384615384,0.5158730158730159,0.625,0.5684931506849316,0.75,0.1746031746031746,0.038461538461538464,,24.18300653594771,0.06349206349206349,1.0,1.0,0.5,0.4126984126984127,0.06349206349206349,0.5,0.5,1.0,0.1111111111111111,0.14285714285714285,0.14285714285714285,1.0,,,,0.23809523809523808,0.14285714285714285,0.45661031746031744,0.10843373493975904,13.192307692307692,25.463636363636365,60.0,2.0,8.0,2.0,,10.0,3.0,13.0,,19.0,24.0,10.0,60.0,,,0.03773584905660377,0.11764705882352941,0.02666666666666667,0.08264462809917356,0.02027027027027027,,0.07142857142857142,0.14545454545454545,0.15492957746478872,0.1694915254237288,0.21818181818181817,,13.0,11.0,22.0,18.0,2.0,34.0,,6.0,4.0,2.0,1.0,1.0,2.0,2.0,,2.0,2.0,1.0,0.03508771929824561,,0.030303030303030304,,1.0,0.5,0.52,0.3492063492063492,0.5,0.5238095238095238,0.45454545454545453,,1.0,2.0,,1.0,,2.0,14.0,1.0,14.0,,0.3333333333333333,0.4375,0.5,0.5,1.0,0.08333333333333333,,0.58725,0.44577500000000003,0.1686746987951807,,,,,1.0,1.0,4.0,4.0,10.0,6.0,,1.0,1.0,1.0,,,,,,,2.0,2.0,2.0,0.5,0.4,0.038461538461538464,0.0136986301369863,,0.022727272727272728,0.034482758620689655,0.3076923076923077,,,,,0.08333333333333333,,2.0,,,,,,,True,,,,,3.0,,,,,,0.045454545454545456,,,,,,1.0,,,0.08333333333333333,,
1628989,1610612758,Kevin Huerter,Kevin Huerter,1628989,SAC,6305.0,105,-59.0,217,215,44,18.0,432,2.0,5.0,9.0,1.0,7.0,5.0,18.0,,3.0,7.0,16.0,6.0,25.0,35.0,273,,4.0,2.0,12.0,18.0,18.0,5.0,1.0,3.0,4.0,7.0,4.0,,2.0,18.0,1.0,,8.0,7.0,10.0,,0.8571428571428571,0.8571428571428571,1.0,0.24,,0.24,0.4375,0.3902439024390244,0.2,0.3953488372093023,0.2,0.6097560975609756,0.0625,,21.16182572614108,0.12195121951219512,0.4,0.4,0.5,0.21951219512195122,0.17073170731707318,0.14285714285714285,0.14285714285714285,1.0,0.43902439024390244,0.2777777777777778,0.2777777777777778,1.0,0.6,,,0.7317073170731707,0.2777777777777778,0.5341073170731707,0.05714285714285714,6.875,25.443999999999996,49.0,1.0,5.0,6.0,2.0,13.0,1.0,14.0,1.0,2.0,5.0,2.0,49.0,1.0,0.2222222222222222,0.15,0.11363636363636363,0.014285714285714285,0.13095238095238096,0.008620689655172414,,0.25,0.1388888888888889,0.046511627906976744,0.1111111111111111,0.22580645161290322,,3.0,2.0,2.0,3.0,1.0,2.0,,1.0,6.0,4.0,7.0,4.0,,2.0,,2.0,1.0,0.875,0.02040816326530612,0.16666666666666666,0.11538461538461539,,0.5,0.3333333333333333,0.375,0.04878048780487805,1.0,1.0,1.0,,,1.0,2.0,3.0,2.0,4.0,10.0,,10.0,0.5,0.6666666666666666,0.625,0.2,,,0.5,0.6666666666666666,0.52635,0.5221833333333333,0.2857142857142857,,,,,1.0,1.0,,1.0,2.0,2.0,,,,,,3.0,1.0,2.0,,,,2.0,,1.0,0.5,0.1111111111111111,,,,,1.0,,,,,0.16666666666666666,,2.0,1.0,,,,,,True,,,,,,,,,,,,,,,,,,,,,,
1629162,1610612758,Jordan McLaughlin,Jordan McLaughlin,1629162,SAC,3433.0,57,-5.0,113,106,58,13.0,219,,1.0,3.0,1.0,3.0,4.0,8.0,,1.0,1.0,6.0,5.0,11.0,20.0,118,,1.0,,2.0,6.0,8.0,4.0,1.0,7.0,3.0,10.0,2.0,1.0,1.0,23.0,1.0,,6.0,4.0,5.0,,1.0,1.0,0.4,0.45454545454545453,,0.45454545454545453,0.16666666666666666,0.5,,0.5,,0.6470588235294118,0.16666666666666666,1.0,20.47244094488189,0.058823529411764705,,,,0.17647058823529413,0.17647058823529413,0.3333333333333333,0.3333333333333333,1.0,0.47058823529411764,0.5,0.5,0.25,1.0,,,0.7058823529411765,0.5,0.48018529411764704,,11.950000000000001,24.927272727272726,50.0,1.0,2.0,2.0,1.0,5.0,1.0,6.0,1.0,5.0,6.0,1.0,50.0,,0.14285714285714285,0.08695652173913043,0.07692307692307693,0.04,0.08163265306122448,0.02040816326530612,,,0.045454545454545456,0.05555555555555555,0.14285714285714285,0.4424778761061947,,,1.0,2.0,3.0,,,9.0,4.0,2.0,1.0,5.0,2.0,,,,,,0.8333333333333334,0.05263157894736842,,0.16666666666666666,0.25,,,,0.11764705882352941,0.5,0.5,1.0,,,,1.0,3.0,1.0,3.0,4.0,1.0,4.0,0.3333333333333333,0.375,0.3333333333333333,,,,0.75,0.3333333333333333,,0.47763750000000005,0.2,,,,,,,,,1.0,1.0,,2.0,,,,3.0,,4.0,,,2.0,,2.0,,,,,,,,,,,,,,,1.0,,,,,,,True,,,,1.0,,,,,,,,,,,,,,,,,,
1631165,1610612758,Keon Ellis,Keon Ellis,1631165,SAC,5239.0,87,-8.0,167,174,56,21.0,341,1.0,1.0,3.0,3.0,7.0,9.0,23.0,,1.0,2.0,5.0,12.0,30.0,41.0,195,,2.0,5.0,,30.0,23.0,9.0,,3.0,2.0,5.0,1.0,1.0,3.0,12.0,4.0,,7.0,4.0,8.0,2.0,,,0.8333333333333334,0.4,,0.4,0.4,0.5714285714285714,0.5,0.5694444444444444,0.5,0.8571428571428571,,,22.105263157894736,0.02857142857142857,1.0,1.0,,0.08571428571428572,0.2,0.42857142857142855,0.42857142857142855,1.0,0.6571428571428571,0.391304347826087,0.391304347826087,0.7777777777777778,0.25,,,0.8857142857142857,0.391304347826087,0.5365042857142858,0.12195121951219512,8.16,25.416666666666664,45.0,2.0,5.0,4.0,1.0,10.0,5.0,15.0,2.0,5.0,1.0,,45.0,1.0,0.25,0.08695652173913043,0.11627906976744186,0.04,0.10112359550561797,0.05434782608695652,,0.16666666666666666,0.11764705882352941,,,0.2694610778443114,1.0,1.0,,1.0,1.0,2.0,4.0,6.0,,,,3.0,3.0,,,,,,0.42857142857142855,0.05,,0.08333333333333333,0.1111111111111111,,0.3333333333333333,0.3333333333333333,0.02857142857142857,,,,0.25,,1.0,3.0,6.0,3.0,7.0,9.0,,9.0,0.42857142857142855,0.5625,0.5625,0.25,,,0.75,0.5,0.4791,0.5154624999999999,0.21951219512195122,1.0,,,,1.0,2.0,1.0,,1.0,,4.0,,3.0,,,,1.0,1.0,1.0,,1.0,,,1.0,,,0.07142857142857142,0.14285714285714285,,,,1.0,,,,0.125,,,,1.0,0.15384615384615385,,,,True,,,,,,,,,,,,,,,,,,,,,,
1642269,1610612758,Devin Carter,Devin Carter,1642269,SAC,1899.0,32,-7.0,65,65,21,7.0,130,1.0,3.0,5.0,1.0,3.0,1.0,5.0,1.0,1.0,3.0,9.0,2.0,8.0,13.0,75,1.0,1.0,3.0,2.0,6.0,5.0,1.0,1.0,3.0,3.0,6.0,3.0,,,15.0,,,3.0,1.0,2.0,,0.3333333333333333,0.3333333333333333,1.0,0.25,1.0,0.25,0.3333333333333333,0.35294117647058826,0.75,0.3611111111111111,0.75,0.47058823529411764,0.1111111111111111,0.3333333333333333,29.166666666666668,0.17647058823529413,0.3333333333333333,0.5,1.0,0.29411764705882354,0.17647058823529413,0.3333333333333333,0.3333333333333333,1.0,0.29411764705882354,0.2,0.2,1.0,0.5,1.0,1.0,0.6470588235294118,0.2,0.5039558823529412,0.23076923076923078,6.955555555555555,25.1875,26.0,2.0,5.0,2.0,,7.0,2.0,9.0,,4.0,2.0,1.0,26.0,,,0.16666666666666666,0.3333333333333333,0.125,0.25925925925925924,0.06666666666666667,,,0.2727272727272727,0.05555555555555555,0.1,0.4,1.0,1.0,1.0,1.0,1.0,1.0,4.0,,1.0,,,3.0,3.0,1.0,,,,,1.0,0.18181818181818182,,0.4,0.5,,0.2,0.2,0.058823529411764705,1.0,1.0,,0.5,,,,,,2.0,3.0,,3.0,,0.16666666666666666,0.21428571428571427,,,,,,,0.5078416666666666,0.23076923076923078,,,1.0,,2.0,,,1.0,4.0,1.0,,2.0,,,,,,,,,,,,,0.25,,,,,,,,,0.16666666666666666,,0.3333333333333333,,,,,,,,,True,,,,,,,,,,,,,,,,,,,,,,
203926,1610612758,Doug McDermott,Doug McDermott,203926,SAC,3747.0,62,-1.0,124,117,58,14.0,241,,1.0,1.0,3.0,4.0,8.0,18.0,2.0,4.0,,2.0,11.0,22.0,35.0,141,2.0,4.0,6.0,,33.0,18.0,8.0,1.0,1.0,1.0,2.0,1.0,,,5.0,1.0,,3.0,1.0,5.0,1.0,,,1.0,0.5,0.5,0.5,,0.6875,0.75,0.7,0.75,0.9166666666666666,0.5,1.0,20.143884892086334,0.041666666666666664,,,,0.041666666666666664,0.16666666666666666,0.75,0.75,1.0,0.75,0.4444444444444444,0.4444444444444444,1.0,1.0,0.5,1.0,0.9583333333333334,0.4444444444444444,0.5181958333333334,0.17142857142857143,5.4,25.527272727272727,48.0,,2.0,3.0,,5.0,1.0,6.0,,1.0,3.0,,48.0,,,0.11538461538461539,0.06666666666666667,,0.08928571428571429,0.019230769230769232,,,0.07142857142857142,0.04,,0.3870967741935484,,,,,2.0,,,,,,,2.0,1.0,,,,,,0.6666666666666666,,0.16666666666666666,0.125,,,,,,,,,,,,3.0,8.0,3.0,8.0,11.0,,11.0,0.375,0.5,0.55,,,,0.8888888888888888,0.375,0.4923,0.4949333333333333,0.3142857142857143,,,1.0,,,,,,1.0,2.0,,1.0,1.0,,,1.0,,,1.0,,,,,,,,0.038461538461538464,,0.058823529411764705,,,,,0.1111111111111111,,,,,,,,,,,True,,,,,,,,,,,,,,,,,1.0,,,0.043478260869565216,,
203897,1610612758,Zach LaVine,Zach LaVine,203897,SAC,143.0,2,-3.0,5,6,3,,11,,,1.0,,,,,,,,1.0,,,,9,,,,,,,,,,,,,,,,,,,,,,,,,,,,,,,,,,,,20.0,,,,,1.0,,,,,,,,,,,,,,0.4353,,5.2,,5.0,,,,,,,,,,,,5.0,,,,,,,,,,,,,1.0,,,,,,,,,,,,,,,,,,,,,,,,,,,,,,,,,,,,,,,,,,,,,,,,,,0.4353,,,,,,,,,,1.0,,,,,,,,,,,,,,,,,,,,,,,,,,,,,,,,,,,,True,,,,,,,,,,,,,,,,,,,,,,
1641732,1610612758,Colby Jones,Colby Jones,1641732,SAC,1871.0,31,4.0,63,61,35,6.0,124,,,2.0,,,2.0,2.0,1.0,1.0,2.0,3.0,2.0,2.0,10.0,63,1.0,1.0,3.0,4.0,6.0,2.0,2.0,,,1.0,1.0,,1.0,,3.0,2.0,1.0,3.0,,2.0,,1.0,1.0,1.0,1.0,1.0,1.0,0.6666666666666666,1.0,0.75,1.0,0.75,0.4,,,11.11111111111111,,,,,0.4,,,,,0.4,1.0,1.0,1.0,0.5,1.0,1.0,0.4,1.0,0.47366,0.3,11.166666666666666,25.35,31.0,1.0,3.0,,,3.0,1.0,4.0,1.0,,,,31.0,1.0,,,0.17647058823529413,0.08333333333333333,0.08823529411764706,0.037037037037037035,,,0.14285714285714285,,,0.49206349206349204,,1.0,1.0,1.0,,1.0,,,,1.0,1.0,1.0,1.0,,2.0,,2.0,,0.3333333333333333,0.09090909090909091,,,0.3333333333333333,,0.5,0.5,0.2,1.0,1.0,1.0,,,,,,,,2.0,,2.0,,0.5,0.5,,,,,,0.48040000000000005,0.4266,0.2,,,,,,,,1.0,2.0,,,,,,,,,2.0,,,,2.0,,,0.5,,,,,,1.0,,,,,,,,,,,,,,True,,,,,,,,,,,,,,,,,,,,,,
203109,1610612758,Jae Crowder,Jae Crowder,203109,SAC,297.0,5,2.0,12,12,4,,24,,,,,,,,,,,,,,,13,,,,,,,,,,,,,,,,,,1.0,1.0,1.0,,,,,,,,,,,,,,,,8.333333333333334,,,,,,,,,,,,,,,,,,,,,,,2.0,,1.0,,,1.0,,1.0,,,,,2.0,,,,0.2,,0.2,,,,0.25,,,0.16666666666666666,,,,,,,,,,,,1.0,1.0,,,,,,1.0,,,,,,,,,,,,,,,,,,,,,,,,,,,,,,,,,,,,,,,,,,,,,,,,,,,,,,,,,,,,,,,,,,,,,,,,,,,,,True,,,,,,,,,,,,,,,,,,,,,,
1642403,1610612758,Isaac Jones,Isaac Jones,1642403,SAC,1231.0,21,-8.0,42,40,30,4.0,82,2.0,2.0,5.0,,,,,,,4.0,7.0,,,8.0,39,,,,4.0,,,,1.0,,,,,,,,,,,2.0,2.0,,0.5,0.5,,,,,0.5714285714285714,0.5714285714285714,,0.5714285714285714,,,0.14285714285714285,,15.217391304347826,0.2857142857142857,1.0,1.0,1.0,0.7142857142857143,,,,,,,,,,,,0.2857142857142857,,0.4714,,4.728571428571429,,28.0,,,1.0,,1.0,,1.0,,,,,28.0,,,0.07692307692307693,,,0.041666666666666664,,,,,,,0.6666666666666666,,2.0,,,,,4.0,,,,,,,,1.0,,1.0,,,,,0.14285714285714285,,,0.4,0.5,,,,,,,,,,,,4.0,,4.0,,0.4,0.4,,,,,,,0.3882,0.5,,,,,,,,2.0,5.0,,,,,,,,,,,,,1.0,,,0.4,0.2,,,,,,,,,,,,,,,,,,,True,,,,,,,,,,,,,,,,,,,,,,
1642384,1610612758,Isaiah Crawford,Isaiah Crawford,1642384,SAC,559.0,9,5.0,22,20,16,2.0,42,,,2.0,,,,,,,1.0,2.0,,,2.0,16,,,,2.0,,,,,,,,,,,,,,,,1.0,,1.0,1.0,,,,,0.5,0.5,,0.5,,,,,8.333333333333334,,,,,1.0,,,,,,,,,,,,,,0.44155,,10.8,,4.0,,1.0,1.0,1.0,3.0,,3.0,,,,,4.0,,0.5,0.25,0.2,,0.2222222222222222,,,,0.2,,,0.18181818181818182,,1.0,,,,,,,,,,,,,,,,,,,,0.5,,,0.5,0.5,,,,,,,,,,,,2.0,,2.0,,0.5,0.5,,,,,,,0.44155,1.0,,,,,,,,1.0,2.0,,,,,,,,,,,,,,,,0.5,,,,,,1.0,,,,,,,,,,,,,,True,,,,,,,,,,,,,,,,,,,,,,
1630222,1610612758,Mason Jones,Mason Jones,1630222,SAC,257.0,4,,8,8,8,1.0,16,,,,,,,,,,,,,,,11,,,,,,,,,4.0,,4.0,,,3.0,8.0,,,,1.0,1.0,,,,,,,,,,,,,,,,,,,,,,,,,,,,,,,,,,,,,,,2.0,,,,,,,,,,,,2.0,,,,,,,,,,,,,0.25,,,,,,,,,1.0,,,,,,,,,,,,,,,,,,,,,,,,,,,,,,,,,,,,,,,,,,,,,,,,,,,,,,,,,,,,,,,,,,,,,,,,,,,,,,,,,,,,,,,True,,,,,,,,,,,,,,,,,,,,,,
1631115,1610612758,Orlando Robinson,Orlando Robinson,1631115,SAC,399.0,7,-2.0,13,12,10,2.0,25,,1.0,1.0,,,,,,,1.0,2.0,,,3.0,16,,,,2.0,,,,,,,,,,,,,,1.0,,,,1.0,1.0,,,,,0.5,0.5,,0.75,,,,,20.0,0.5,,,,0.5,,,,,,,,,,,,0.5,,0.5015,,3.6,,4.0,,,1.0,1.0,2.0,,2.0,,1.0,1.0,1.0,4.0,,1.0,0.5,,,0.2,,,,,0.5,0.5,0.3076923076923077,,1.0,,,1.0,,,,,1.0,,1.0,,,,,,,1.0,,0.5,,,,1.0,1.0,,,,,,,,,,,,,,,,,,,,,,,,0.6266,,,,1.0,,,,,,1.0,,,,,,,1.0,,,,,,,,,,,,,,,1.0,,,1.0,,,,1.0,,,,,,,True,,,,,1.0,,,,,,,,,,,,,,,,,
1626168,1610612758,Trey Lyles,Trey Lyles,1626168,SAC,74145.0,1236,-32.0,2492,2503,724,325.0,4995,55.0,87.0,33.0,24.0,65.0,45.0,145.0,2.0,5.0,69.0,126.0,69.0,210.0,398.0,2923,6.0,13.0,69.0,110.0,207.0,145.0,45.0,9.0,44.0,35.0,79.0,28.0,7.0,26.0,193.0,22.0,2.0,38.0,54.0,83.0,6.0,0.7971014492753623,0.9649122807017544,1.0,0.32857142857142857,0.46153846153846156,0.32857142857142857,0.5476190476190477,0.5133928571428571,0.49056603773584906,0.5349462365591398,0.5390625,0.625,0.07142857142857142,0.09195402298850575,14.305652477320306,0.25892857142857145,0.632183908045977,0.6962025316455697,0.7818181818181819,0.09821428571428571,0.19345238095238096,0.36923076923076925,0.375,1.0,0.43154761904761907,0.3103448275862069,0.3125,1.0,0.09433962264150944,0.4,1.0,0.8839285714285714,0.3103448275862069,0.5565188988095239,0.17336683417085427,3.817460317460318,25.337619047619047,635.0,35.0,104.0,92.0,21.0,217.0,78.0,295.0,10.0,75.0,77.0,35.0,633.0,4.0,0.3333333333333333,0.17490494296577946,0.17420435510887772,0.057947019867549666,0.1745325022261799,0.06343906510851419,0.06382978723404255,0.15476190476190477,0.1780821917808219,0.09562841530054644,0.22435897435897437,0.25481540930979135,29.0,11.0,3.0,6.0,53.0,40.0,28.0,,14.0,37.0,22.0,16.0,9.0,1.0,20.0,8.0,21.0,12.0,0.42105263157894735,0.056155507559395246,0.1506849315068493,0.19256756756756757,0.16352201257861634,0.5714285714285714,0.3333333333333333,0.34375,0.017857142857142856,0.5,0.5,1.0,0.5471698113207547,4.0,8.0,6.0,28.0,13.0,44.0,73.0,8.0,73.0,0.29545454545454547,0.45774647887323944,0.46794871794871795,0.1509433962264151,0.5,1.0,0.39436619718309857,0.21428571428571427,0.5481041666666666,0.5437147887323944,0.18341708542713567,15.0,10.0,19.0,7.0,16.0,17.0,17.0,13.0,27.0,8.0,24.0,4.0,41.0,8.0,4.0,7.0,4.0,3.0,5.0,,6.0,12.0,6.0,0.425,0.48148148148148145,0.030303030303030304,0.06902356902356903,0.08695652173913043,0.06181818181818182,0.04371584699453552,0.8181818181818182,0.5172413793103449,0.26666666666666666,0.2676056338028169,0.5263157894736842,0.22535211267605634,0.4375,15.0,,1.0,0.06329113924050633,2.0,0.009523809523809525,0.006896551724137931,False,,,,10.0,5.0,,0.015384615384615385,2.0,5.0,0.034482758620689655,,1.0,,1.0,,,,,,,,
1627734,1610612758,Domantas Sabonis,Domantas Sabonis,1627734,SAC,145221.0,2420,161.0,4960,4939,1037,562.0,9899,325.0,467.0,208.0,4.0,8.0,61.0,147.0,8.0,10.0,461.0,736.0,65.0,155.0,1335.0,5717,8.0,10.0,300.0,582.0,192.0,147.0,61.0,59.0,265.0,156.0,421.0,119.0,37.0,109.0,998.0,88.0,,201.0,99.0,228.0,38.0,0.631236442516269,0.776,0.9846153846153847,0.41935483870967744,0.8,0.41935483870967744,0.626358695652174,0.6268237934904601,0.6323529411764706,0.6563421828908554,0.6666666666666666,0.1739618406285073,0.08016304347826086,0.07494646680942184,21.67794798717492,0.5241301907968574,0.69593147751606,0.7523148148148148,0.6092307692307692,0.2334455667789001,0.008978675645342313,0.5,0.5,1.0,0.16498316498316498,0.41496598639455784,0.41496598639455784,0.9836065573770492,0.049019607843137254,0.8,0.875,0.6980920314253648,0.41496598639455784,0.5576000568828212,0.2247191011235955,4.366847826086954,25.972258064516126,1008.0,73.0,298.0,348.0,58.0,704.0,267.0,971.0,24.0,277.0,289.0,133.0,1005.0,30.0,0.5225225225225225,0.3023457862728063,0.258008658008658,0.06771799628942486,0.28013876843018215,0.11725955204216074,0.09689922480620156,0.26424870466321243,0.27164887307236063,0.13434343434343435,0.1592814371257485,0.2032258064516129,157.0,108.0,28.0,61.0,218.0,194.0,340.0,3.0,94.0,48.0,30.0,113.0,59.0,4.0,26.0,9.0,26.0,17.0,0.5621890547263682,0.05853658536585366,0.2912912912912913,0.32,0.22115384615384615,0.6538461538461539,0.5192307692307693,0.5837837837837838,0.06846240179573512,0.45901639344262296,0.4666666666666667,0.8214285714285714,0.7696078431372549,,,14.0,28.0,14.0,29.0,254.0,,252.0,0.4827586206896552,0.6619718309859155,0.6939890710382514,,,,0.19718309859154928,0.5,0.5587095541401274,0.5779492857142856,0.1902621722846442,99.0,56.0,86.0,,1.0,117.0,42.0,73.0,113.0,66.0,172.0,62.0,194.0,38.0,9.0,54.0,24.0,33.0,36.0,,27.0,17.0,25.0,0.6030927835051546,0.6460176991150443,0.11057692307692307,0.16180150125104253,0.19461077844311378,0.17738791423001948,0.12459016393442623,0.6481481481481481,0.6305732484076433,0.16161616161616163,0.6056338028169014,0.6511627906976745,0.007042253521126761,,18.0,,8.0,0.10795454545454546,,,,False,,6.0,,29.0,34.0,2.0,,,1.0,,0.01639344262295082,,,,1.0,1.0,,,2.0,,,
1628365,1610612758,Markelle Fultz,Markelle Fultz,1628365,SAC,11042.0,184,5.0,371,373,77,35.0,744,4.0,5.0,37.0,3.0,6.0,1.0,2.0,1.0,1.0,24.0,59.0,4.0,8.0,61.0,407,1.0,1.0,3.0,24.0,12.0,2.0,1.0,2.0,11.0,16.0,27.0,11.0,5.0,7.0,70.0,5.0,,15.0,3.0,12.0,,0.5,0.5,1.0,0.5,1.0,0.5,0.4067796610169492,0.44776119402985076,1.5,0.4552238805970149,1.5,0.11940298507462686,0.03389830508474576,,20.0,0.07462686567164178,0.8,0.8,0.25,0.5522388059701493,0.08955223880597014,0.5,0.5,1.0,0.029850746268656716,0.5,0.5,1.0,1.0,1.0,1.0,0.19402985074626866,0.5,0.46210333333333337,0.04918032786885246,10.559322033898306,26.1,81.0,2.0,9.0,5.0,,14.0,6.0,20.0,2.0,3.0,1.0,1.0,81.0,3.0,,0.06097560975609756,0.10843373493975904,0.031746031746031744,0.08484848484848485,0.0375,,0.14285714285714285,0.1,0.014925373134328358,0.01694915254237288,0.2183288409703504,,15.0,5.0,17.0,1.0,,24.0,,4.0,10.0,4.0,10.0,9.0,,2.0,1.0,2.0,1.0,0.6666666666666666,0.043478260869565216,,0.057692307692307696,0.13043478260869565,0.5,0.40540540540540543,0.42857142857142855,0.2537313432835821,0.29411764705882354,0.29411764705882354,0.8,,,,,,,1.0,16.0,,16.0,,0.47058823529411764,0.47058823529411764,,,,,,0.4689,0.48259411764705884,0.26229508196721313,,3.0,3.0,,1.0,,,8.0,16.0,,,,4.0,3.0,,1.0,1.0,5.0,2.0,,,1.0,,,0.5,0.05405405405405406,0.041237113402061855,,0.0392156862745098,0.08571428571428572,0.4666666666666667,,,0.17647058823529413,1.0,0.058823529411764705,,6.0,,,0.06451612903225806,,,,False,,1.0,,,1.0,,,,,,,,,,,,,,,,,
1628370,1610612758,Malik Monk,Malik Monk,1628370,SAC,119817.0,1997,138.0,4145,4126,960,486.0,8271,110.0,178.0,240.0,24.0,53.0,111.0,363.0,9.0,33.0,264.0,493.0,135.0,416.0,1083.0,4823,12.0,39.0,71.0,236.0,333.0,360.0,111.0,45.0,243.0,116.0,359.0,81.0,35.0,160.0,834.0,44.0,,155.0,102.0,148.0,,0.44696969696969696,0.4521072796934866,0.8222222222222222,0.3245192307692308,0.3076923076923077,0.3268765133171913,0.5354969574036511,0.5132013201320133,0.4925373134328358,0.5483214649033571,0.5144927536231884,0.45764576457645767,0.09127789046653144,0.08426966292134831,24.06190375238499,0.19581958195819582,0.6179775280898876,0.6748466257668712,0.509090909090909,0.264026402640264,0.058305830583058306,0.4528301886792453,0.46153846153846156,0.9166666666666666,0.39933993399339934,0.30578512396694213,0.3100558659217877,0.8018018018018018,0.4925373134328358,0.2727272727272727,0.7777777777777778,0.6534653465346535,0.30833333333333335,0.5214083425414363,0.06555863342566944,7.359837728194726,26.381971153846163,916.0,13.0,122.0,82.0,5.0,209.0,29.0,238.0,22.0,143.0,173.0,75.0,913.0,7.0,0.06172839506172839,0.0870488322717622,0.1300639658848614,0.014476614699331848,0.10851063829787234,0.0141287284144427,0.014354066985645933,0.1282051282051282,0.11703703703703704,0.07979274611398963,0.13711151736745886,0.2209891435464415,11.0,118.0,36.0,75.0,150.0,28.0,292.0,72.0,60.0,59.0,39.0,111.0,77.0,15.0,30.0,12.0,36.0,20.0,0.7161290322580646,0.01451378809869376,0.06884057971014493,0.08431372549019608,0.1634980988593156,0.5555555555555556,0.49166666666666664,0.5566037735849056,0.08250825082508251,0.48,0.4931506849315068,0.3888888888888889,0.16417910447761194,3.0,6.0,26.0,84.0,32.0,97.0,269.0,2.0,267.0,0.32989690721649484,0.5353535353535354,0.588495575221239,0.08955223880597014,0.5,1.0,0.42424242424242425,0.30952380952380953,0.5152383720930233,0.5061994871794872,0.24838411819021236,8.0,25.0,37.0,6.0,13.0,15.0,5.0,58.0,101.0,57.0,6.0,23.0,14.0,5.0,8.0,34.0,9.0,25.0,7.0,,18.0,16.0,14.0,0.5357142857142857,0.5742574257425742,0.11666666666666667,0.013820335636722606,0.01773049645390071,0.013071895424836602,0.011312217194570135,0.4067796610169492,0.7272727272727273,0.375,0.18686868686868688,0.6756756756756757,0.06565656565656566,0.46153846153846156,20.0,5.0,4.0,0.011029411764705883,6.0,0.014423076923076924,0.013774104683195593,False,3.0,2.0,,3.0,21.0,,0.018867924528301886,2.0,,0.02631578947368421,0.02666666666666667,6.0,3.0,3.0,,1.0,2.0,2.0,,0.004784688995215311,,
201942,1610612758,DeMar DeRozan,DeMar DeRozan,201942,SAC,157971.0,2633,179.0,5372,5326,1115,598.0,10698,82.0,116.0,407.0,28.0,80.0,53.0,165.0,4.0,17.0,512.0,1000.0,81.0,245.0,1627.0,6240,6.0,24.0,128.0,370.0,213.0,159.0,53.0,54.0,155.0,171.0,326.0,115.0,56.0,89.0,823.0,36.0,2.0,104.0,84.0,144.0,11.0,0.361328125,0.37,0.8765432098765432,0.3306122448979592,0.25,0.3389121338912134,0.512,0.5088353413654618,0.46846846846846846,0.56758669497523,0.5204918032786885,0.19678714859437751,0.054,0.07758620689655173,24.987638041865832,0.09317269076305221,0.7068965517241379,0.7663551401869159,0.47560975609756095,0.3269076305220884,0.0642570281124498,0.35,0.35,1.0,0.13253012048192772,0.3212121212121212,0.3231707317073171,0.8113207547169812,0.15315315315315314,0.23529411764705882,1.0,0.2899598393574297,0.3333333333333333,0.4630999591169258,0.07867240319606637,12.629999999999999,26.427049180327867,1030.0,18.0,129.0,98.0,11.0,238.0,47.0,285.0,14.0,297.0,417.0,202.0,1026.0,10.0,0.08396946564885496,0.0805921052631579,0.10311750599520383,0.016100178890876567,0.09201459262261856,0.01862348178137652,0.027237354085603113,0.08755760368663594,0.10021786492374728,0.14978601997146934,0.17549956559513466,0.191734921816828,21.0,209.0,221.0,477.0,360.0,87.0,654.0,30.0,53.0,58.0,37.0,68.0,37.0,11.0,30.0,11.0,30.0,21.0,0.6538461538461539,0.012775842044134728,0.05491329479768786,0.09188361408882083,0.1111111111111111,0.7,0.5135135135135135,0.5633423180592992,0.38313253012048193,0.46331236897274636,0.4722222222222222,0.3891402714932127,0.1891891891891892,2.0,7.0,10.0,50.0,13.0,62.0,348.0,3.0,348.0,0.20967741935483872,0.4567669172932331,0.5408805031446541,0.06306306306306306,0.2857142857142857,1.0,0.18796992481203006,0.2,0.4561278571428572,0.4461057915057915,0.21389059618930548,10.0,23.0,33.0,3.0,12.0,43.0,24.0,102.0,204.0,105.0,24.0,13.0,28.0,18.0,7.0,31.0,6.0,24.0,6.0,1.0,11.0,17.0,10.0,0.4942528735632184,0.5,0.08845208845208845,0.020710059171597635,0.027692307692307693,0.024193548387096774,0.031088082901554404,0.28708133971291866,0.47619047619047616,0.3,0.12406015037593984,0.696969696969697,0.045112781954887216,0.25,21.0,23.0,5.0,0.009828009828009828,1.0,0.004081632653061225,0.006060606060606061,False,6.0,2.0,,2.0,51.0,1.0,,1.0,,0.009900990099009901,0.018867924528301886,,,,,,8.0,2.0,,0.03187250996015936,2.0,
203897,1610612758,Zach LaVine,Zach LaVine,203897,SAC,70085.0,1168,-77.0,2340,2329,458,253.0,4669,79.0,114.0,90.0,19.0,36.0,84.0,195.0,9.0,15.0,159.0,281.0,103.0,231.0,717.0,2844,11.0,18.0,58.0,168.0,180.0,195.0,84.0,19.0,73.0,48.0,121.0,29.0,19.0,30.0,290.0,28.0,1.0,87.0,29.0,57.0,4.0,0.5283018867924528,0.5384615384615384,0.5825242718446602,0.4458874458874459,0.6111111111111112,0.4458874458874459,0.5658362989323843,0.6123046875,0.7051282051282052,0.6435018050541517,0.6951219512195121,0.451171875,0.06761565836298933,0.09649122807017543,24.32637571157495,0.22265625,0.6929824561403509,0.7669902912621359,0.5949367088607594,0.17578125,0.0703125,0.5277777777777778,0.5277777777777778,0.7368421052631579,0.380859375,0.4307692307692308,0.4329896907216495,0.5476190476190477,0.38461538461538464,0.6,0.5555555555555556,0.673828125,0.4307692307692308,0.5218626008064514,0.08089260808926081,8.008540925266905,26.483700440528633,449.0,4.0,62.0,38.0,3.0,103.0,10.0,113.0,10.0,85.0,103.0,52.0,448.0,4.0,0.045454545454545456,0.0735009671179884,0.11460258780036968,0.008298755186721992,0.0945179584120983,0.008637236084452975,,0.125,0.11688311688311688,0.0947176684881603,0.16352201257861634,0.1918803418803419,9.0,50.0,30.0,77.0,90.0,21.0,150.0,129.0,27.0,19.0,13.0,59.0,33.0,1.0,2.0,,2.0,,0.6781609195402298,0.010416666666666666,0.05844155844155844,0.06545454545454546,0.10897435897435898,,0.5555555555555556,0.6097560975609756,0.150390625,0.38961038961038963,0.38961038961038963,0.36666666666666664,0.23076923076923078,2.0,3.0,14.0,34.0,17.0,40.0,120.0,,118.0,0.425,0.521978021978022,0.5666666666666667,0.07692307692307693,0.6666666666666666,1.0,0.37362637362637363,0.4117647058823529,0.5182173913043477,0.4885185393258428,0.16736401673640167,6.0,9.0,20.0,3.0,6.0,11.0,3.0,22.0,51.0,25.0,6.0,16.0,5.0,4.0,5.0,26.0,3.0,20.0,5.0,,5.0,2.0,3.0,0.5238095238095238,0.43137254901960786,0.08888888888888889,0.008928571428571428,,0.01276595744680851,0.01818181818181818,0.52,0.6666666666666666,0.6666666666666666,0.21978021978021978,0.45,0.06593406593406594,0.5,6.0,4.0,4.0,0.012345679012345678,1.0,0.004329004329004329,0.005128205128205128,False,,1.0,,1.0,15.0,,,1.0,,0.022222222222222223,,,,,,,,,,,,
1631222,1610612758,Jake LaRavia,Jake LaRavia,1631222,SAC,22040.0,367,-54.0,732,737,170,97.0,1469,13.0,16.0,26.0,4.0,11.0,16.0,41.0,3.0,5.0,22.0,44.0,20.0,52.0,115.0,898,3.0,5.0,15.0,18.0,57.0,39.0,16.0,5.0,13.0,12.0,25.0,10.0,2.0,4.0,62.0,4.0,,17.0,21.0,40.0,2.0,0.4090909090909091,0.45,0.95,0.38461538461538464,0.6,0.4,0.5,0.5416666666666666,0.5416666666666666,0.5476190476190477,0.5769230769230769,0.5416666666666666,0.11363636363636363,0.0625,14.403778040141676,0.16666666666666666,0.8125,0.8666666666666667,0.3076923076923077,0.2708333333333333,0.11458333333333333,0.36363636363636365,0.36363636363636365,1.0,0.4270833333333333,0.3902439024390244,0.3902439024390244,0.9375,0.4166666666666667,0.6,0.6666666666666666,0.7083333333333334,0.41025641025641024,0.5168137931034483,0.13043478260869565,5.9840909090909085,26.466666666666665,181.0,10.0,13.0,16.0,2.0,31.0,23.0,54.0,2.0,20.0,19.0,9.0,181.0,5.0,0.08695652173913043,0.1111111111111111,0.09090909090909091,0.058823529411764705,0.10104529616724739,0.06609195402298851,0.045454545454545456,0.13333333333333333,0.0851063829787234,0.08653846153846154,0.17307692307692307,0.24726775956284153,4.0,9.0,,2.0,11.0,7.0,26.0,3.0,4.0,18.0,11.0,13.0,6.0,2.0,3.0,2.0,3.0,3.0,0.7647058823529411,0.060810810810810814,0.0967741935483871,0.10843373493975904,0.10204081632653061,1.0,0.34615384615384615,0.4090909090909091,0.020833333333333332,,,,0.3333333333333333,,,5.0,16.0,6.0,18.0,34.0,,34.0,0.3333333333333333,0.5172413793103449,0.5151515151515151,,,,0.5517241379310345,0.3125,0.5115928571428572,0.5175384615384616,0.2956521739130435,2.0,3.0,5.0,1.0,2.0,2.0,2.0,6.0,11.0,4.0,4.0,5.0,13.0,3.0,1.0,7.0,3.0,4.0,,,1.0,,1.0,0.2857142857142857,0.5454545454545454,0.15384615384615385,0.07303370786516854,0.07894736842105263,0.08045977011494253,0.06382978723404255,0.5555555555555556,0.5,,0.1724137931034483,0.6,0.06896551724137931,0.5,7.0,,,0.05660377358490566,,,,False,2.0,1.0,,5.0,1.0,,,,,,,,,,,,,1.0,,,,
1628368,1610612758,De'Aaron Fox,De'Aaron Fox,1628368,SAC,88951.0,1483,115.0,3081,3065,793,345.0,6146,110.0,160.0,253.0,15.0,49.0,68.0,199.0,9.0,23.0,294.0,528.0,83.0,248.0,1011.0,3508,11.0,27.0,89.0,180.0,165.0,198.0,68.0,40.0,149.0,93.0,242.0,67.0,26.0,89.0,577.0,45.0,1.0,123.0,33.0,104.0,3.0,0.30612244897959184,0.3191489361702128,0.6626506024096386,0.3346774193548387,0.4074074074074074,0.3360323886639676,0.5568181818181818,0.5393041237113402,0.5642857142857143,0.5817031070195627,0.5933333333333334,0.31958762886597936,0.07575757575757576,0.08125,28.403554026941816,0.20618556701030927,0.6875,0.7482993197278912,0.42727272727272725,0.32603092783505155,0.06314432989690721,0.30612244897959184,0.30612244897959184,0.9333333333333333,0.25644329896907214,0.3417085427135678,0.3434343434343434,0.6029411764705882,0.32857142857142857,0.391304347826087,0.5555555555555556,0.5257731958762887,0.3434343434343434,0.5097729677419354,0.08803165182987141,8.5375,25.809274193548383,790.0,17.0,90.0,61.0,3.0,154.0,43.0,197.0,18.0,174.0,209.0,97.0,789.0,13.0,0.046153846153846156,0.08379120879120878,0.12802275960170698,0.024602026049204053,0.10552061495457722,0.030154277699859747,0.016129032258064516,0.17054263565891473,0.12548262548262548,0.11668611435239207,0.16006600660066006,0.2564102564102564,20.0,135.0,49.0,115.0,174.0,43.0,408.0,84.0,43.0,60.0,28.0,78.0,35.0,20.0,15.0,5.0,19.0,9.0,0.6341463414634146,0.027722772277227723,0.06532663316582915,0.065,0.13513513513513514,0.47368421052631576,0.5335968379446641,0.5895196506550219,0.1481958762886598,0.4260869565217391,0.4375,0.24489795918367346,0.2857142857142857,2.0,4.0,15.0,53.0,19.0,65.0,306.0,1.0,306.0,0.2923076923076923,0.5159090909090909,0.5884615384615385,0.05714285714285714,0.5,0.5,0.2409090909090909,0.2830188679245283,0.5291897727272727,0.5020148401826483,0.3026706231454006,14.0,28.0,42.0,4.0,12.0,23.0,10.0,85.0,155.0,79.0,24.0,17.0,26.0,12.0,14.0,43.0,6.0,28.0,3.0,2.0,12.0,10.0,11.0,0.5348837209302325,0.5483870967741935,0.09486166007905138,0.03537414965986395,0.020512820512820513,0.049132947976878616,0.03389830508474576,0.22962962962962963,0.7,0.21428571428571427,0.19090909090909092,0.6666666666666666,0.05454545454545454,0.3333333333333333,32.0,,4.0,0.02577319587628866,1.0,0.004032258064516129,0.005025125628140704,False,1.0,3.0,,2.0,19.0,,,,,,0.02608695652173913,4.0,1.0,3.0,,,3.0,,,0.01195219123505976,,
1628989,1610612758,Kevin Huerter,Kevin Huerter,1628989,SAC,47657.0,794,-6.0,1633,1641,336,183.0,3274,33.0,44.0,35.0,14.0,40.0,42.0,140.0,7.0,17.0,59.0,89.0,56.0,180.0,303.0,1881,12.0,25.0,53.0,92.0,159.0,139.0,42.0,4.0,43.0,24.0,67.0,18.0,6.0,33.0,158.0,5.0,,29.0,41.0,60.0,1.0,0.7796610169491526,0.8363636363636363,0.9464285714285714,0.3111111111111111,0.48,0.3128491620111732,0.6629213483146067,0.5315985130111525,0.6756756756756757,0.5410714285714285,0.6794871794871795,0.6691449814126395,0.0449438202247191,0.06818181818181818,16.775244299674267,0.16356877323420074,0.75,0.8048780487804879,0.7878787878787878,0.13011152416356878,0.14869888475836432,0.35,0.358974358974359,1.0,0.5204460966542751,0.3,0.3,0.9285714285714286,0.4594594594594595,0.4117647058823529,1.0,0.8327137546468402,0.302158273381295,0.5484007462686566,0.17491749174917492,6.375280898876403,25.87,318.0,11.0,44.0,43.0,1.0,88.0,18.0,106.0,2.0,19.0,23.0,11.0,317.0,,0.02702702702702703,0.1111111111111111,0.11458333333333333,0.028132992327365727,0.11284046692607004,0.02390438247011952,0.04950495049504951,0.13043478260869565,0.12727272727272726,0.03942652329749104,0.1111111111111111,0.19473361910593998,8.0,21.0,5.0,10.0,17.0,12.0,26.0,9.0,6.0,30.0,21.0,24.0,20.0,4.0,14.0,2.0,14.0,9.0,0.8275862068965517,0.020689655172413793,0.1262135922330097,0.09767441860465116,0.08256880733944955,0.6428571428571429,0.6,0.6176470588235294,0.03717472118959108,0.5,0.5,0.6,0.21621621621621623,5.0,8.0,7.0,25.0,9.0,33.0,64.0,,62.0,0.2727272727272727,0.5566037735849056,0.5818181818181818,0.21621621621621623,0.625,1.0,0.4716981132075472,0.28,0.5275947368421053,0.5643830188679244,0.21122112211221122,5.0,11.0,13.0,2.0,8.0,7.0,3.0,16.0,20.0,5.0,8.0,4.0,7.0,3.0,2.0,4.0,1.0,5.0,1.0,,1.0,10.0,,0.5833333333333334,0.8,0.02857142857142857,0.019337016574585635,0.018867924528301886,0.017964071856287425,0.02040816326530612,0.8095238095238095,0.625,0.4,0.24528301886792453,0.8461538461538461,0.1509433962264151,0.25,9.0,,,0.02247191011235955,1.0,0.005555555555555556,,False,1.0,,,1.0,1.0,,0.025,,,,,,,,,,,2.0,,,,
1629162,1610612758,Jordan McLaughlin,Jordan McLaughlin,1629162,SAC,7955.0,133,6.0,265,279,86,28.0,544,2.0,5.0,5.0,1.0,7.0,4.0,8.0,1.0,2.0,5.0,12.0,5.0,15.0,33.0,318,1.0,2.0,5.0,4.0,9.0,7.0,4.0,3.0,4.0,10.0,14.0,5.0,5.0,3.0,38.0,,,5.0,4.0,8.0,1.0,0.4,0.4,0.6,0.3333333333333333,0.5,0.35714285714285715,0.4166666666666667,0.46296296296296297,0.5,0.515625,0.625,0.5555555555555556,0.25,0.6,12.585034013605442,0.18518518518518517,0.4,1.0,0.5,0.18518518518518517,0.25925925925925924,0.14285714285714285,0.14285714285714285,1.0,0.2962962962962963,0.5,0.5,0.5,0.6666666666666666,0.5,,0.7407407407407407,0.5714285714285714,0.531528846153846,0.15151515151515152,6.95,26.4,78.0,2.0,3.0,5.0,4.0,12.0,3.0,15.0,,11.0,10.0,3.0,78.0,2.0,0.26666666666666666,0.09090909090909091,0.05172413793103448,0.03125,0.07079646017699115,0.027522935779816515,0.05555555555555555,0.2857142857142857,0.047619047619047616,0.1,0.2,0.2943396226415094,,2.0,1.0,2.0,8.0,1.0,6.0,6.0,1.0,9.0,7.0,5.0,3.0,3.0,,,,,1.0,0.021739130434782608,,0.09375,0.0625,,0.4,0.4,0.07407407407407407,0.5,0.5,1.0,,,,,2.0,,2.0,8.0,1.0,8.0,,0.25,0.4,,,,0.25,,0.54405,0.5411142857142857,0.24242424242424243,,1.0,3.0,,,,2.0,2.0,6.0,4.0,,,1.0,,,2.0,,1.0,,,2.0,,2.0,,0.3333333333333333,,0.022222222222222223,,0.041666666666666664,,,,,0.375,0.3333333333333333,,,2.0,,,,,,,False,1.0,,,1.0,,1.0,,,,,,,,,,,,,,,,
1631099,1610612758,Keegan Murray,Keegan Murray,1631099,SAC,149849.0,2497,107.0,5100,5106,1085,566.0,10206,115.0,149.0,160.0,44.0,126.0,103.0,303.0,6.0,24.0,202.0,354.0,147.0,429.0,903.0,5889,8.0,31.0,107.0,262.0,435.0,302.0,103.0,24.0,61.0,46.0,107.0,29.0,17.0,30.0,260.0,25.0,7.0,57.0,99.0,174.0,5.0,0.6485148514851485,0.7197802197802198,0.9863945578231292,0.34265734265734266,0.25806451612903225,0.34345794392523366,0.5706214689265536,0.5395913154533845,0.5106382978723404,0.5574074074074075,0.5515463917525774,0.5478927203065134,0.06779661016949153,0.0738255033557047,15.096639387079923,0.19029374201787994,0.7718120805369127,0.8333333333333334,0.6608695652173913,0.20434227330779056,0.16091954022988506,0.3492063492063492,0.3492063492063492,1.0,0.38697318007662834,0.33993399339933994,0.3433333333333333,0.9805825242718447,0.2553191489361702,0.25,1.0,0.7381864623243933,0.34105960264900664,0.5432246083550916,0.1184939091915836,6.610169491525424,25.95317647058824,1061.0,78.0,180.0,140.0,24.0,344.0,135.0,479.0,7.0,77.0,70.0,39.0,1058.0,11.0,0.1951219512195122,0.11503697617091208,0.15088013411567477,0.07116788321167883,0.13278008298755187,0.055674518201284794,0.06910569105691057,0.11981566820276497,0.14037122969837587,0.050617283950617285,0.10290237467018469,0.2080392156862745,39.0,72.0,15.0,45.0,58.0,63.0,142.0,6.0,19.0,58.0,38.0,32.0,12.0,5.0,64.0,28.0,67.0,39.0,0.5614035087719298,0.07176470588235294,0.12244897959183673,0.1095890410958904,0.1782477341389728,0.582089552238806,0.45,0.4897959183673469,0.05747126436781609,0.3333333333333333,0.3333333333333333,0.6666666666666666,0.4148936170212766,2.0,7.0,16.0,49.0,28.0,76.0,180.0,11.0,180.0,0.3684210526315789,0.56,0.5769230769230769,0.07446808510638298,0.2857142857142857,1.0,0.32666666666666666,0.32653061224489793,0.5414532786885246,0.5383458904109589,0.19933554817275748,26.0,28.0,36.0,12.0,27.0,36.0,11.0,42.0,74.0,12.0,40.0,12.0,52.0,14.0,3.0,20.0,12.0,7.0,,,,34.0,,0.5714285714285714,0.5675675675675675,0.08125,0.041969330104923326,0.04984423676012461,0.03333333333333333,0.035175879396984924,0.625,0.6666666666666666,0.19230769230769232,0.24,0.7777777777777778,0.18,0.4444444444444444,20.0,,6.0,0.04885057471264368,3.0,0.006993006993006993,0.009900990099009901,False,1.0,2.0,,3.0,14.0,,,5.0,4.0,0.04950495049504951,,3.0,3.0,,,1.0,2.0,2.0,,0.004640371229698376,,
1631165,1610612758,Keon Ellis,Keon Ellis,1631165,SAC,111647.0,1861,72.0,3727,3765,850,443.0,7492,49.0,62.0,55.0,50.0,98.0,77.0,193.0,8.0,22.0,86.0,138.0,127.0,291.0,625.0,4383,11.0,31.0,58.0,120.0,354.0,191.0,76.0,12.0,68.0,47.0,115.0,29.0,18.0,38.0,277.0,27.0,1.0,64.0,89.0,168.0,3.0,0.6976744186046512,0.7407407407407407,0.9291338582677166,0.436426116838488,0.3548387096774194,0.43448275862068964,0.6231884057971014,0.6445221445221445,0.5196078431372549,0.6734913793103449,0.5370370370370371,0.6783216783216783,0.08695652173913043,0.11290322580645161,12.467471019635674,0.1445221445221445,0.7903225806451613,0.8909090909090909,0.673469387755102,0.1282051282051282,0.22843822843822845,0.5102040816326531,0.5102040816326531,1.0,0.44988344988344986,0.39896373056994816,0.4031413612565445,0.8831168831168831,0.43137254901960786,0.36363636363636365,0.875,0.8228438228438228,0.39790575916230364,0.5457079136690647,0.0928,7.138405797101448,25.36793103448276,731.0,38.0,66.0,72.0,4.0,142.0,55.0,197.0,9.0,89.0,85.0,31.0,729.0,15.0,0.0425531914893617,0.08664259927797834,0.07647740440324449,0.044548651817116064,0.08146399055489964,0.03159742539496782,0.05,0.08270676691729323,0.06220095693779904,0.08096280087527352,0.19375,0.19613630265629192,10.0,29.0,8.0,21.0,72.0,20.0,52.0,27.0,21.0,121.0,69.0,37.0,25.0,13.0,54.0,19.0,63.0,35.0,0.578125,0.04309063893016345,0.0963855421686747,0.08240534521158129,0.11440677966101695,0.5555555555555556,0.5272727272727272,0.58,0.04895104895104895,0.38095238095238093,0.38095238095238093,0.75,0.19607843137254902,3.0,9.0,16.0,41.0,28.0,61.0,145.0,1.0,145.0,0.45901639344262296,0.6483516483516484,0.6904761904761905,0.17647058823529413,0.3333333333333333,1.0,0.45054945054945056,0.3902439024390244,0.5051249999999999,0.5333011363636362,0.232,7.0,9.0,12.0,12.0,20.0,10.0,5.0,17.0,30.0,27.0,10.0,9.0,16.0,3.0,7.0,12.0,3.0,12.0,5.0,1.0,7.0,32.0,6.0,0.5,0.5666666666666667,0.09090909090909091,0.018691588785046728,0.01327433628318584,0.012755102040816327,0.015384615384615385,0.7241379310344828,0.7,0.42857142857142855,0.13186813186813187,0.75,0.21978021978021978,0.6,52.0,1.0,3.0,0.03361344537815126,2.0,0.006872852233676976,0.010362694300518135,False,1.0,,,8.0,9.0,,,1.0,,0.011764705882352941,,9.0,7.0,2.0,,1.0,6.0,3.0,,0.020202020202020204,,1.0
1642269,1610612758,Devin Carter,Devin Carter,1642269,SAC,21857.0,364,50.0,736,730,222,107.0,1466,16.0,25.0,30.0,4.0,13.0,12.0,40.0,2.0,4.0,26.0,57.0,16.0,53.0,125.0,822,4.0,7.0,23.0,18.0,36.0,40.0,12.0,4.0,19.0,16.0,35.0,14.0,2.0,7.0,86.0,5.0,,15.0,19.0,37.0,1.0,0.34615384615384615,0.4090909090909091,0.75,0.3018867924528302,0.5714285714285714,0.3018867924528302,0.45614035087719296,0.45454545454545453,0.6875,0.4844961240310077,0.6764705882352942,0.4818181818181818,0.07017543859649122,0.08,16.72473867595819,0.22727272727272727,0.64,0.6956521739130435,0.4375,0.2727272727272727,0.11818181818181818,0.3076923076923077,0.3076923076923077,0.75,0.36363636363636365,0.3,0.3,0.75,0.25,0.5,0.5,0.7090909090909091,0.3,0.5252972222222222,0.184,5.622807017543859,26.418867924528303,196.0,7.0,31.0,18.0,1.0,50.0,17.0,67.0,2.0,43.0,42.0,16.0,196.0,2.0,0.05,0.10843373493975904,0.18787878787878787,0.043478260869565216,0.14803625377643503,0.047752808988764044,0.03225806451612903,0.20833333333333334,0.19548872180451127,0.12698412698412698,0.2191780821917808,0.266304347826087,3.0,10.0,,2.0,25.0,9.0,34.0,12.0,10.0,21.0,12.0,10.0,8.0,9.0,3.0,1.0,4.0,1.0,0.6666666666666666,0.046153846153846156,0.1282051282051282,0.07766990291262135,0.15625,0.25,0.3333333333333333,0.35714285714285715,0.01818181818181818,,,,0.1875,2.0,3.0,3.0,10.0,5.0,14.0,41.0,2.0,41.0,0.35714285714285715,0.5178571428571429,0.5394736842105263,0.1875,0.6666666666666666,0.5,0.35714285714285715,0.3,0.5242583333333332,0.513587037037037,0.328,3.0,5.0,6.0,2.0,4.0,5.0,1.0,7.0,14.0,12.0,8.0,2.0,10.0,1.0,,2.0,1.0,6.0,1.0,,3.0,1.0,3.0,0.5555555555555556,0.5,0.06666666666666667,0.05128205128205128,0.044444444444444446,0.0851063829787234,0.016666666666666666,0.2,1.0,0.3333333333333333,0.21428571428571427,0.8333333333333334,0.14285714285714285,0.5,9.0,,,,,,,False,,2.0,,4.0,,1.0,,,,,,1.0,1.0,,,1.0,,1.0,,,,
203926,1610612758,Doug McDermott,Doug McDermott,203926,SAC,16750.0,279,28.0,575,573,158,75.0,1148,4.0,7.0,4.0,9.0,23.0,24.0,56.0,1.0,4.0,6.0,14.0,33.0,79.0,112.0,644,1.0,6.0,3.0,12.0,99.0,55.0,24.0,,5.0,,5.0,,,1.0,10.0,1.0,,3.0,14.0,25.0,2.0,1.0,1.0,1.0,0.4177215189873418,0.16666666666666666,0.4230769230769231,0.42857142857142855,0.5967741935483871,0.25,0.5957446808510638,0.25,0.8494623655913979,,,14.76407914764079,0.07526881720430108,0.5714285714285714,0.5714285714285714,1.0,0.043010752688172046,0.24731182795698925,0.391304347826087,0.391304347826087,1.0,0.6021505376344086,0.42857142857142855,0.4444444444444444,1.0,0.6666666666666666,0.25,1.0,0.9247311827956989,0.43636363636363634,0.5363522727272726,0.026785714285714284,8.314285714285715,25.78974358974359,118.0,2.0,5.0,9.0,,14.0,2.0,16.0,,2.0,2.0,1.0,118.0,1.0,,0.06382978723404255,0.03816793893129771,0.015384615384615385,0.051470588235294115,0.007194244604316547,,0.05,0.02127659574468085,0.010638297872340425,0.06666666666666667,0.20521739130434782,,1.0,1.0,3.0,1.0,,,,3.0,4.0,2.0,2.0,2.0,,1.0,,2.0,1.0,0.6666666666666666,0.02040816326530612,0.07317073170731707,0.0625,0.08108108108108109,0.5,0.25,0.25,0.03225806451612903,0.3333333333333333,0.3333333333333333,1.0,,,2.0,4.0,7.0,5.0,13.0,19.0,,19.0,0.38461538461538464,0.5277777777777778,0.5277777777777778,0.3333333333333333,,,0.3888888888888889,0.5714285714285714,0.526425,0.5246823529411765,0.16964285714285715,,1.0,2.0,1.0,6.0,,,2.0,5.0,,,1.0,,,,,,,1.0,,,1.0,,,0.4,,,,,,1.0,,,0.1111111111111111,0.5,0.3333333333333333,0.16666666666666666,2.0,,,,2.0,0.02531645569620253,0.03571428571428571,False,1.0,,,,,,,,,,,1.0,1.0,,,,,,,,,
1642403,1610612758,Isaac Jones,Isaac Jones,1642403,SAC,17002.0,283,-56.0,591,597,164,69.0,1188,32.0,43.0,25.0,3.0,6.0,,2.0,,,47.0,68.0,3.0,8.0,126.0,707,,,25.0,74.0,9.0,2.0,,11.0,5.0,7.0,12.0,7.0,,,31.0,6.0,1.0,16.0,17.0,28.0,3.0,0.7872340425531915,0.925,1.0,0.375,,0.375,0.6911764705882353,0.6776315789473685,0.7333333333333333,0.6923076923076923,0.6944444444444444,0.10526315789473684,0.16176470588235295,0.13953488372093023,15.758468335787922,0.5657894736842105,0.7441860465116279,0.8648648648648649,0.8125,0.32894736842105265,0.07894736842105263,0.5,0.6,1.0,0.02631578947368421,,,,,,,0.6710526315789473,,0.5714592105263158,0.1984126984126984,3.0985294117647055,23.675,181.0,10.0,13.0,20.0,1.0,34.0,22.0,56.0,3.0,30.0,36.0,19.0,181.0,2.0,0.0625,0.1694915254237288,0.10569105691056911,0.08196721311475409,0.13692946058091288,0.07749077490774908,0.02564102564102564,0.1111111111111111,0.11702127659574468,0.21348314606741572,0.2345679012345679,0.3062605752961083,11.0,15.0,,,23.0,15.0,20.0,,4.0,5.0,3.0,10.0,4.0,1.0,9.0,4.0,9.0,5.0,0.625,0.10843373493975904,0.1875,0.17647058823529413,0.06896551724137931,0.5555555555555556,0.6,0.75,,,,,0.7333333333333333,,,,1.0,2.0,5.0,42.0,,42.0,0.4,0.7391304347826086,0.7241379310344828,,,,0.043478260869565216,,0.5962555555555555,0.5440652173913043,0.3333333333333333,7.0,8.0,10.0,2.0,4.0,11.0,3.0,14.0,18.0,8.0,14.0,1.0,11.0,2.0,,6.0,4.0,5.0,1.0,,2.0,5.0,2.0,0.7333333333333333,0.7777777777777778,0.2,0.0738255033557047,0.07142857142857142,0.06493506493506493,0.15384615384615385,0.7333333333333333,0.6363636363636364,0.2857142857142857,0.43478260869565216,0.8,0.17391304347826086,0.5,2.0,,,0.1,1.0,0.125,,False,,,,4.0,6.0,,0.16666666666666666,1.0,3.0,0.07692307692307693,,,,,,,,,,,,
1641732,1610612758,Colby Jones,Colby Jones,1641732,SAC,5915.0,99,,201,207,39,29.0,408,2.0,2.0,9.0,,2.0,2.0,6.0,,1.0,5.0,13.0,2.0,8.0,16.0,221,,1.0,,4.0,6.0,6.0,2.0,3.0,2.0,4.0,6.0,4.0,,,16.0,1.0,,4.0,6.0,11.0,1.0,0.4,0.4,1.0,0.25,,0.25,0.38461538461538464,0.38095238095238093,,0.38095238095238093,,0.38095238095238093,0.23076923076923078,,10.593220338983052,0.09523809523809523,1.0,1.0,0.5,0.42857142857142855,0.09523809523809523,,,,0.2857142857142857,0.3333333333333333,0.3333333333333333,1.0,0.3333333333333333,,,0.47619047619047616,0.3333333333333333,0.4982214285714286,,8.884615384615385,24.6625,33.0,4.0,6.0,6.0,,12.0,7.0,19.0,,5.0,,,33.0,1.0,,0.13636363636363635,0.13953488372093023,0.0851063829787234,0.13793103448275862,0.0707070707070707,,,0.1388888888888889,,,0.16417910447761194,,2.0,1.0,2.0,,2.0,6.0,,2.0,5.0,3.0,3.0,2.0,1.0,5.0,4.0,5.0,5.0,0.75,0.1111111111111111,0.07692307692307693,0.21739130434782608,0.14285714285714285,1.0,0.2222222222222222,0.3333333333333333,0.09523809523809523,0.5,0.5,,,,,1.0,2.0,1.0,2.0,5.0,,5.0,0.5,0.5,0.5,,,,0.4,0.5,0.46719999999999995,0.41753999999999997,0.3125,,,,,,,,1.0,3.0,,,,3.0,,,1.0,2.0,1.0,,,,1.0,,,0.3333333333333333,0.3333333333333333,0.057692307692307696,0.1,0.07142857142857142,,0.5,,,,,,,2.0,,1.0,,,,,False,,,,2.0,,,,,,,,,,,,,,,,,,
202685,1610612758,Jonas Valančiūnas,Jonas Valančiūnas,202685,SAC,32482.0,541,24.0,1082,1080,200,131.0,2162,63.0,93.0,81.0,,2.0,1.0,8.0,,,113.0,195.0,1.0,10.0,279.0,1284,,,97.0,126.0,3.0,8.0,1.0,15.0,38.0,18.0,56.0,17.0,1.0,13.0,130.0,22.0,,32.0,48.0,84.0,6.0,0.5575221238938053,0.75,1.0,0.1,,0.1,0.5794871794871795,0.5585365853658537,0.6428571428571429,0.6012931034482759,0.7028985507246377,0.04878048780487805,0.07692307692307693,0.10752688172043011,21.12449799196787,0.45365853658536587,0.6774193548387096,0.7590361445783133,0.5079365079365079,0.3951219512195122,0.00975609756097561,,,,0.03902439024390244,0.125,0.125,1.0,,,,0.5024390243902439,0.125,0.49767910447761177,0.34767025089605735,5.870256410256411,25.610000000000003,186.0,16.0,68.0,70.0,15.0,153.0,70.0,223.0,1.0,58.0,59.0,29.0,186.0,4.0,0.45454545454545453,0.30303030303030304,0.27530364372469635,0.07960199004975124,0.28870292887029286,0.14056224899598393,0.07317073170731707,0.3958333333333333,0.29608938547486036,0.12719298245614036,0.13302752293577982,0.17190388170055454,42.0,41.0,9.0,21.0,50.0,56.0,100.0,,13.0,15.0,7.0,10.0,4.0,1.0,18.0,4.0,18.0,12.0,0.3125,0.08125,0.2549019607843137,0.2878787878787879,0.22058823529411764,0.6666666666666666,0.5061728395061729,0.5394736842105263,0.1024390243902439,0.42857142857142855,0.42857142857142855,0.8888888888888888,0.75,,,,,,,38.0,,38.0,,0.75,0.8260869565217391,,,,,,0.5247162790697675,0.46709375000000003,0.13620071684587814,26.0,4.0,5.0,,,36.0,25.0,12.0,16.0,14.0,58.0,12.0,54.0,13.0,2.0,6.0,1.0,2.0,15.0,,4.0,14.0,3.0,0.6428571428571429,0.75,0.06172839506172839,0.18181818181818182,0.23880597014925373,0.1793103448275862,0.17333333333333334,0.5609756097560976,0.6190476190476191,0.038461538461538464,0.3125,0.8,,,8.0,,,0.1411764705882353,,,,False,,,,9.0,6.0,3.0,,,1.0,,,,,,,,,,3.0,,,
1642384,1610612758,Isaiah Crawford,Isaiah Crawford,1642384,SAC,2181.0,36,17.0,76,75,25,12.0,151,1.0,2.0,2.0,1.0,1.0,,4.0,,,3.0,4.0,1.0,5.0,11.0,73,,,2.0,4.0,3.0,4.0,,,1.0,,1.0,,,,2.0,1.0,,1.0,,1.0,,0.6666666666666666,1.0,1.0,0.2,,0.2,0.75,0.5,1.0,0.5,1.0,0.5555555555555556,,,13.48314606741573,0.2222222222222222,0.5,0.5,,0.2222222222222222,0.1111111111111111,1.0,1.0,1.0,0.4444444444444444,,,,,,,0.7777777777777778,,0.5154777777777778,0.18181818181818182,3.275,26.259999999999998,44.0,,2.0,1.0,1.0,4.0,1.0,5.0,1.0,1.0,4.0,1.0,44.0,,1.0,0.047619047619047616,0.15384615384615385,,0.08823529411764706,0.03125,,,0.125,0.1,0.2,0.5789473684210527,1.0,2.0,,,2.0,1.0,2.0,,,1.0,1.0,,,,2.0,,2.0,1.0,,,0.5,,0.2,0.5,1.0,1.0,,,,,1.0,,,,2.0,1.0,3.0,6.0,,6.0,0.3333333333333333,0.5,0.5,,,,0.4,,0.6145,0.56314,0.5454545454545454,1.0,1.0,2.0,1.0,1.0,1.0,,1.0,2.0,1.0,2.0,1.0,1.0,,,,,1.0,,,1.0,2.0,1.0,1.0,0.5,,0.05263157894736842,,0.07692307692307693,,1.0,1.0,,0.4,0.5,0.2,1.0,,,,,,,,False,,,,,,,,,,,,,,,,,,,,,,
203109,1610612758,Jae Crowder,Jae Crowder,203109,SAC,5868.0,98,-20.0,194,199,68,26.0,393,1.0,1.0,4.0,2.0,8.0,2.0,7.0,,1.0,3.0,7.0,4.0,15.0,23.0,224,,2.0,2.0,4.0,12.0,7.0,2.0,1.0,5.0,1.0,6.0,,1.0,4.0,13.0,,,3.0,7.0,9.0,,0.6666666666666666,1.0,1.0,0.26666666666666666,,0.26666666666666666,0.42857142857142855,0.4090909090909091,0.25,0.4791666666666667,0.25,0.6818181818181818,0.14285714285714285,,11.946902654867257,0.045454545454545456,1.0,1.0,1.0,0.18181818181818182,0.36363636363636365,0.25,0.25,1.0,0.3181818181818182,0.2857142857142857,0.2857142857142857,1.0,0.25,,,0.7272727272727273,0.2857142857142857,0.5081863636363637,0.08695652173913043,11.614285714285716,24.813333333333333,49.0,3.0,6.0,4.0,3.0,13.0,6.0,19.0,,3.0,6.0,,49.0,1.0,0.5,0.0975609756097561,0.125,0.058823529411764705,0.11235955056179775,0.050505050505050504,0.07142857142857142,0.2,0.15151515151515152,0.08333333333333333,,0.25257731958762886,,1.0,1.0,2.0,5.0,2.0,2.0,,1.0,3.0,2.0,3.0,3.0,,,,,,1.0,0.05405405405405406,0.07692307692307693,0.08695652173913043,0.06666666666666667,,0.25,0.3333333333333333,0.09090909090909091,0.5,0.5,1.0,,,1.0,,2.0,1.0,5.0,5.0,,5.0,0.2,0.35714285714285715,0.35714285714285715,0.25,,,0.2857142857142857,,0.46814999999999996,0.5165285714285714,0.21739130434782608,,,,1.0,3.0,1.0,,1.0,2.0,,2.0,,2.0,,,,3.0,,,,,,,0.5,0.5,0.25,0.041666666666666664,,0.041666666666666664,,,,,,,0.42857142857142855,0.3333333333333333,1.0,,,0.07142857142857142,,,,False,,,,,,,,1.0,,0.16666666666666666,,,,,,,2.0,,,0.11764705882352941,,
1631115,1610612758,Orlando Robinson,Orlando Robinson,1631115,SAC,3028.0,50,7.0,98,100,38,12.0,198,4.0,5.0,4.0,,1.0,1.0,4.0,,,5.0,10.0,1.0,5.0,16.0,112,,,3.0,8.0,3.0,4.0,1.0,,4.0,5.0,9.0,4.0,1.0,2.0,23.0,1.0,,3.0,4.0,6.0,1.0,0.8,1.0,1.0,0.2,,0.2,0.5,0.43333333333333335,0.5,0.4444444444444444,0.5,0.3333333333333333,,,18.749999999999996,0.3333333333333333,0.8,0.8,0.75,0.26666666666666666,0.06666666666666667,,,,0.26666666666666666,0.25,0.25,1.0,,,,0.6666666666666666,0.25,0.5411300000000001,0.1875,5.09,25.859999999999996,35.0,3.0,3.0,4.0,2.0,9.0,3.0,12.0,,4.0,6.0,3.0,35.0,,0.3333333333333333,0.23529411764705882,0.12,0.125,0.16666666666666666,0.075,,0.3333333333333333,0.16666666666666666,0.16666666666666666,0.23076923076923078,0.35714285714285715,1.0,1.0,,1.0,3.0,2.0,2.0,,2.0,2.0,1.0,2.0,,,,,1.0,,0.6666666666666666,0.13636363636363635,,0.2857142857142857,,,0.25,0.25,0.06666666666666667,,,,0.5,,,,1.0,,2.0,5.0,,5.0,,0.5,0.5,,,,0.25,,0.4411,0.5767,0.3125,1.0,2.0,2.0,,1.0,1.0,1.0,2.0,2.0,1.0,2.0,,,,,2.0,,,1.0,,,,,0.5,1.0,,,,,,1.0,1.0,,0.5,1.0,0.25,,1.0,,,,,,,False,,,,1.0,,,,,,,,1.0,1.0,,,,,,,,,
1630222,1610612758,Mason Jones,Mason Jones,1630222,SAC,2467.0,41,1.0,85,87,31,11.0,172,3.0,3.0,7.0,,1.0,1.0,7.0,1.0,2.0,8.0,10.0,1.0,8.0,23.0,89,1.0,2.0,5.0,8.0,3.0,7.0,1.0,,3.0,4.0,7.0,3.0,1.0,1.0,18.0,,,1.0,,2.0,1.0,0.5,0.5,1.0,0.125,0.5,0.125,0.8,0.5277777777777778,0.8333333333333334,0.575,0.8333333333333334,0.4444444444444444,,,21.42857142857143,0.16666666666666666,1.0,1.0,0.6666666666666666,0.3888888888888889,0.05555555555555555,,,,0.3888888888888889,0.14285714285714285,0.14285714285714285,1.0,0.6666666666666666,0.5,1.0,0.6111111111111112,0.14285714285714285,0.5102666666666666,0.21739130434782608,5.629999999999999,27.0375,44.0,2.0,5.0,2.0,,7.0,2.0,9.0,,3.0,5.0,3.0,44.0,,,0.125,0.23809523809523808,0.10526315789473684,0.1891891891891892,0.05405405405405406,,1.0,0.26666666666666666,0.15,0.25,0.5176470588235295,,5.0,,,4.0,1.0,8.0,,1.0,,,1.0,1.0,,1.0,,1.0,,1.0,0.125,,,0.16666666666666666,,0.7142857142857143,0.7142857142857143,,,,,,,,1.0,5.0,1.0,6.0,12.0,,12.0,0.16666666666666666,0.45,0.5,,,,0.5,0.2,,0.537725,0.5217391304347826,,2.0,2.0,,1.0,1.0,,3.0,4.0,3.0,,1.0,,,,,,1.0,,,,1.0,,1.0,0.75,,,,,,0.4,,,0.2,1.0,0.1,,,,,,,,,False,,,,,1.0,,,,,,,,,,,,,,,,,
1627746,1610612758,Skal Labissiere,Skal Labissiere,1627746,SAC,717.0,12,-1.0,26,24,4,4.0,50,,,2.0,,,1.0,1.0,,,1.0,3.0,1.0,1.0,5.0,32,,,,2.0,3.0,1.0,1.0,,,1.0,1.0,,1.0,,3.0,,,,1.0,1.0,,1.0,1.0,1.0,1.0,,1.0,0.3333333333333333,0.625,,0.625,,0.25,,,13.333333333333334,,,,,0.5,,,,,0.25,1.0,1.0,1.0,,,,0.25,1.0,0.43220000000000003,,11.1,27.7,17.0,1.0,,2.0,,2.0,1.0,3.0,,,,,17.0,,,0.5,,0.2,0.2857142857142857,0.09090909090909091,,,,,,0.6538461538461539,,1.0,,1.0,,,,,,,,,,,,,,,,0.25,,0.5,,,0.5,0.5,0.25,,,,,,,1.0,1.0,1.0,1.0,5.0,,5.0,1.0,0.625,0.625,,,,0.25,1.0,,0.43220000000000003,1.0,,,,,,,,1.0,3.0,,,,,,,,,,,,,,,,0.3333333333333333,,,,,,1.0,,,,,,,,,,,,,,False,,,,,,1.0,,,,,,,,,,,,,,,,
1629056,1610612758,Terence Davis,Terence Davis,1629056,SAC,473.0,8,-3.0,15,15,1,2.0,30,,,,,,,1.0,,,,1.0,,1.0,,16,,,,,,1.0,,,1.0,,1.0,,,,2.0,,,,,,,,,,,,,,,,,,0.5,,,11.76470588235294,,,,,,,,,,0.5,,,,,,,0.5,,0.49705,,16.0,26.2,,,,1.0,,1.0,,1.0,,,,,,,,0.2,,,0.1111111111111111,,,,,,,,,,,1.0,,,,,1.0,,,,,,,,,,,,,0.5,,,,,0.5,,,,,,,,,,,,,,,,,,,,,,,,,,,,,,,,,,,,,,,,,,,,,,,,,,,,,,,,,,,,,,,,,,,,,False,,,,,,,,,,,,,,,,,,,,,,
1630678,1610612758,Terry Taylor,Terry Taylor,1630678,SAC,380.0,6,9.0,13,14,9,1.0,27,,,1.0,,,,,,,,1.0,,,,10,,,,,,,,,1.0,1.0,2.0,1.0,,1.0,5.0,,,,,,,,,,,,,,,,,,,,,7.142857142857142,,,,,1.0,,,,,,,,,,,,,,0.4363,,6.0,,4.0,1.0,,,,,1.0,1.0,,,,,4.0,,,,,1.0,,0.25,,,,,,0.3076923076923077,,,,,,,,,,,,,,,,,,,,1.0,,,,,,,,,,,,,,,,,,,,,,,,,,,,,,,,,,,,,,,,,,,,,,,,,,,,,,,,,,,,,,,,,,,,,,,,,,,,False,,,,,,,,,,,,,,,,,,,,,,
