EntityId,TeamId,Name,ShortName,RowId,TeamAbbreviation,SecondsPlayed,Minutes,PlusMinus,OffPoss,DefPoss,PenaltyOffPoss,PenaltyDefPoss,SecondChanceOffPoss,TotalPoss,AtRimFGM,AtRimFGA,PenaltyAtRimFGM,PenaltyAtRimFGA,ShortMidRangeFGM,ShortMidRangeFGA,LongMidRangeFGM,LongMidRangeFGA,Corner3FGM,Corner3FGA,Arc3FGM,Arc3FGA,SecondChanceArc3FGA,PenaltyArc3FGM,PenaltyArc3FGA,FG2M,FG2A,FG3M,FG3A,FtPoints,Points,OpponentPoints,SecondChanceFG2A,SecondChanceFG3A,PenaltyFG2M,PenaltyFG2A,PenaltyFG3M,PenaltyFG3A,PenaltyFtPoints,PenaltyPoints,PtsAssisted2s,PtsUnassisted2s,PtsAssisted3s,PtsUnassisted3s,NonHeaveArc3FGA,NonHeaveArc3FGM,Fg2aBlocked,TwoPtAssists,ThreePtAssists,Assists,Arc3Assists,Corner3Assists,AtRimAssists,ShortMidRangeAssists,AssistPoints,OffTwoPtRebounds,DefThreePtRebounds,DefTwoPtRebounds,DefRebounds,OffRebounds,Rebounds,Steals,BadPassSteals,LostBallSteals,LiveBallTurnovers,BadPassTurnovers,DeadBallTurnovers,Travels,Turnovers,ShootingFouls,Fouls,FoulsDrawn,FTA,Technical Free Throw Trips,NonShootingFoulsDrawn,Blocked2s,BlockedAtRim,Blocks,PenaltyPointsExcludingTakeFouls,PenaltyOffPossExcludingTakeFouls,Assisted2sPct,NonPutbacksAssisted2sPct,Assisted3sPct,Fg3Pct,PenaltyFg3Pct,NonHeaveFg3Pct,Fg2Pct,PenaltyFg2Pct,EfgPct,PenaltyEfgPct,TsPct,PenaltyTsPct,FG3APct,FG2APctBlocked,ShortMidRangePctBlocked,Usage,LiveBallTurnoverPct,DefTwoPtReboundPct,OffTwoPtReboundPct,DefThreePtReboundPct,DefFGReboundPct,OffFGReboundPct,OffShortMidRangeReboundPct,DefShortMidRangeReboundPct,DefLongMidRangeReboundPct,DefArc3ReboundPct,DefCorner3ReboundPct,AtRimFrequency,AtRimAccuracy,UnblockedAtRimAccuracy,ShortMidRangeFrequency,ShortMidRangeAccuracy,UnblockedShortMidRangeAccuracy,ShortMidRangePctAssisted,LongMidRangeFrequency,LongMidRangeAccuracy,UnblockedLongMidRangeAccuracy,Corner3Frequency,Corner3Accuracy,UnblockedCorner3Accuracy,Corner3PctAssisted,Arc3Frequency,Arc3Accuracy,UnblockedArc3Accuracy,Arc3PctAssisted,SecondChanceArc3Frequency,PenaltyAtRimFrequency,PenaltyAtRimAccuracy,PenaltyArc3Frequency,PenaltyArc3Accuracy,AtRimFG3AFrequency,NonHeaveArc3Accuracy,ShotQualityAvg,SecondChanceShotQualityAvg,PenaltyShotQualityAvg,PenaltyPointsPct,Avg2ptShotDistance,Avg3ptShotDistance,PenaltyOffPossPct,SecondChanceAtRimFGM,SecondChanceAtRimFGA,SecondChanceArc3FGM,SecondChanceFG2M,SecondChanceFG3M,SecondChanceFtPoints,SecondChancePoints,PtsPutbacks,HeaveMakes,HeaveAttempts,LongMidRangeAssists,OffThreePtRebounds,FTOffRebounds,FTDefRebounds,SelfOReb,BadPassOutOfBoundsTurnovers,LostBallOutOfBoundsTurnovers,LostBallTurnovers,SecondChanceTurnovers,PenaltyTurnovers,Charge Fouls,Clear Path Fouls,Loose Ball Fouls,Offensive Fouls,Charge Fouls Drawn,Loose Ball Fouls Drawn,Offensive Fouls Drawn,2pt And 1 Free Throw Trips,TwoPtShootingFoulsDrawn,BlockedLongMidRange,BlockedShortMidRange,RecoveredBlocks,3SecondViolations,NonShootingPenaltyNonTakeFouls,NonShootingPenaltyNonTakeFoulsDrawn,SecondChanceFg3Pct,SecondChanceFg2Pct,SecondChanceEfgPct,SecondChanceTsPct,AtRimPctBlocked,DefFTReboundPct,OffFTReboundPct,OffThreePtReboundPct,OffAtRimReboundPct,OffLongMidRangeReboundPct,OffCorner3ReboundPct,DefAtRimReboundPct,SelfORebPct,BlocksRecoveredPct,AtRimPctAssisted,LongMidRangePctAssisted,SecondChanceAtRimFrequency,SecondChanceAtRimAccuracy,SecondChanceArc3Accuracy,SecondChanceArc3PctAssisted,ShootingFoulsDrawnPct,TwoPtShootingFoulsDrawnPct,SecondChancePointsPct,SecondChanceCorner3FGA,PenaltyCorner3FGM,PenaltyCorner3FGA,Fg3aBlocked,StepOutOfBoundsTurnovers,FG3APctBlocked,Arc3PctBlocked,OffArc3ReboundPct,SecondChanceCorner3Frequency,PenaltyCorner3Frequency,PenaltyCorner3Accuracy,SecondChanceCorner3FGM,BlockingFouls,BlockingFoulsDrawn,Blocked3s,BlockedArc3,Defensive 3 Seconds Violations,SecondChanceAtRimPctAssisted,SecondChanceCorner3Accuracy,SecondChanceCorner3PctAssisted,LongMidRangePctBlocked,BlockedCorner3,DefensiveGoaltends,OffensiveGoaltends,on,ThreePtShootingFoulsDrawn,ThreePtShootingFoulsDrawnPct,Corner3PctBlocked
201144,1610612763,Mike Conley,Mike Conley,201144,MEM,3333.0,56,33.0,108,104,46,48.0,16.0,212,2.0,5.0,2.0,4.0,1.0,4.0,2.0,2.0,1.0,3.0,4.0,9.0,3.0,1.0,3.0,5.0,11.0,5.0,12.0,4.0,29.0,94,1.0,3.0,4.0,8.0,1.0,3.0,2.0,13.0,2.0,8.0,6.0,9.0,9.0,4.0,2.0,9.0,3.0,12.0,2.0,1.0,4.0,5.0,27.0,1.0,3.0,2.0,5.0,1.0,6.0,4.0,3.0,1.0,1.0,1.0,1.0,1.0,2.0,1.0,2.0,4.0,5.0,3.0,1.0,1.0,1.0,1.0,11.0,44,0.2,0.2,0.4,0.4166666666666667,0.3333333333333333,0.4166666666666667,0.45454545454545453,0.5,0.5434782608695652,0.5,0.5625,0.5416666666666666,0.5217391304347826,0.18181818181818182,0.5,20.634920634920636,0.5,0.08,0.030303030303030304,0.15,0.1111111111111111,0.020833333333333332,0.07692307692307693,0.16666666666666666,0.1,0.11764705882352941,0.3333333333333333,0.21739130434782608,0.4,0.4,0.17391304347826086,0.25,0.5,1.0,0.08695652173913043,1.0,1.0,0.13043478260869565,0.3333333333333333,0.3333333333333333,1.0,0.391304347826087,0.4444444444444444,0.4444444444444444,0.25,0.75,0.36363636363636365,0.5,0.2727272727272727,0.3333333333333333,0.7391304347826086,0.4444444444444444,0.5107891304347827,0.4054875,0.47914545454545454,0.4482758620689655,6.963636363636365,25.03333333333333,0.42592592592592593,,,,,,,,,,,,,,,,,,,,,,,,,,,,,,,,,,,,,,,,,,,,,,,,,,,,,,,,,,,,,,,,,,,,,,,,,,,,,,,,,,,True,,,
201188,1610612763,Marc Gasol,Marc Gasol,201188,MEM,28922.0,482,-70.0,900,915,240,285.0,87.0,1815,15.0,27.0,6.0,13.0,40.0,81.0,25.0,63.0,,,2.0,4.0,1.0,1.0,1.0,80.0,171.0,2.0,4.0,35.0,201.0,954,12.0,1.0,17.0,39.0,1.0,1.0,15.0,52.0,114.0,46.0,3.0,3.0,,1.0,8.0,39.0,11.0,50.0,7.0,4.0,25.0,5.0,111.0,12.0,12.0,52.0,76.0,15.0,91.0,20.0,13.0,7.0,14.0,9.0,17.0,4.0,31.0,19.0,40.0,57.0,46.0,,3.0,18.0,14.0,18.0,52.0,237,0.7125,0.7215189873417721,0.5,0.5,1.0,1.0,0.4678362573099415,0.4358974358974359,0.4742857142857143,0.4625,0.5153846153846153,0.5306122448979592,0.022857142857142857,0.04678362573099415,0.012345679012345678,22.71356783919598,0.45161290322580644,0.1750841750841751,0.038834951456310676,0.0975609756097561,0.1523809523809524,0.03535353535353535,0.023809523809523808,0.1368421052631579,0.17094017094017094,0.07526881720430108,0.16666666666666666,0.15428571428571428,0.5555555555555556,0.75,0.46285714285714286,0.49382716049382713,0.5,0.625,0.36,0.3968253968253968,0.3968253968253968,,,,,0.022857142857142857,0.5,0.5,0.5,0.07692307692307693,0.325,0.46153846153846156,0.025,1.0,0.17714285714285713,,0.4302732558139534,0.4415909090909091,0.45211500000000004,0.25870646766169153,10.774269005847954,56.425000000000004,0.26666666666666666,1.0,5.0,1.0,4.0,1.0,1.0,12.0,2.0,1.0,3.0,9.0,2.0,1.0,12.0,2.0,2.0,4.0,5.0,1.0,10.0,1.0,2.0,3.0,5.0,1.0,2.0,2.0,6.0,23.0,1.0,3.0,9.0,1.0,7.0,3.0,1.0,0.3333333333333333,0.4230769230769231,0.42857142857142855,0.25925925925925924,0.5217391304347826,0.047619047619047616,0.022988505747126436,0.05714285714285714,0.04424778761061947,0.09523809523809523,0.2235294117647059,0.024390243902439025,0.5,0.7333333333333333,0.84,0.38461538461538464,0.2,1.0,1.0,0.11979166666666667,0.12234042553191489,0.05970149253731343,,,,,,,,,,,,,,,,,,,,,,,,,True,,,
201584,1610612763,Courtney Lee,Courtney Lee,201584,MEM,26165.0,436,-10.0,806,813,209,243.0,94.0,1619,14.0,23.0,4.0,7.0,9.0,22.0,23.0,49.0,4.0,11.0,7.0,33.0,2.0,2.0,8.0,46.0,94.0,11.0,44.0,37.0,162.0,807,10.0,3.0,7.0,18.0,3.0,10.0,14.0,37.0,50.0,42.0,30.0,3.0,33.0,7.0,7.0,24.0,3.0,27.0,1.0,2.0,7.0,12.0,57.0,7.0,16.0,24.0,40.0,8.0,48.0,13.0,9.0,4.0,5.0,3.0,9.0,1.0,14.0,10.0,33.0,22.0,40.0,8.0,5.0,5.0,1.0,5.0,37.0,204,0.5434782608695652,0.5813953488372093,0.9090909090909091,0.25,0.3,0.25,0.48936170212765956,0.3888888888888889,0.4528985507246377,0.4107142857142857,0.5065359477124183,0.5142857142857142,0.3188405797101449,0.07446808510638298,0.09090909090909091,18.14207650273224,0.35714285714285715,0.08333333333333333,0.02258064516129032,0.12213740458015267,0.0954653937947494,0.02072538860103627,0.03278688524590164,0.05747126436781609,0.14678899082568808,0.16494845360824742,,0.16666666666666666,0.6086956521739131,0.7777777777777778,0.15942028985507245,0.4090909090909091,0.45,0.6666666666666666,0.35507246376811596,0.46938775510204084,0.46938775510204084,0.07971014492753623,0.36363636363636365,0.36363636363636365,1.0,0.2391304347826087,0.21212121212121213,0.21875,0.8571428571428571,0.15384615384615385,0.25,0.5714285714285714,0.2857142857142857,0.25,0.4855072463768116,0.21212121212121213,0.47344420289855066,0.461126923076923,0.4553482142857143,0.22839506172839505,12.057446808510637,25.161363636363635,0.25930521091811415,4.0,4.0,,7.0,,3.0,17.0,6.0,,,5.0,1.0,,,4.0,1.0,3.0,2.0,1.0,3.0,1.0,,,1.0,1.0,1.0,1.0,2.0,12.0,1.0,3.0,3.0,,4.0,4.0,,0.7,0.5384615384615384,0.5714285714285714,0.21739130434782608,,,0.013157894736842105,,0.027777777777777776,,0.03260869565217391,0.0547945205479452,0.6,0.21428571428571427,0.6956521739130435,0.3076923076923077,1.0,,,0.08108108108108109,0.11538461538461539,0.10493827160493827,1.0,1.0,2.0,1.0,1.0,0.022727272727272728,0.030303030303030304,0.017543859649122806,0.07692307692307693,0.07142857142857142,0.5,,,,,,,,,,,,,,True,,,
201979,1610612763,Nick Calathes,Nick Calathes,201979,MEM,70343.0,1172,20.0,2195,2215,596,624.0,261.0,4410,72.0,116.0,16.0,28.0,33.0,88.0,18.0,46.0,7.0,14.0,12.0,47.0,5.0,,8.0,123.0,250.0,19.0,61.0,44.0,347.0,2250,25.0,6.0,21.0,52.0,1.0,11.0,18.0,63.0,92.0,154.0,48.0,9.0,47.0,12.0,25.0,155.0,52.0,207.0,38.0,14.0,67.0,32.0,466.0,17.0,33.0,80.0,114.0,23.0,137.0,66.0,32.0,34.0,61.0,45.0,40.0,3.0,101.0,40.0,117.0,83.0,72.0,,9.0,7.0,3.0,8.0,63.0,591,0.37398373983739835,0.38016528925619836,0.8421052631578947,0.3114754098360656,0.09090909090909091,0.3114754098360656,0.492,0.40384615384615385,0.4871382636655949,0.35714285714285715,0.5087976539589443,0.4090909090909091,0.19614147909967847,0.1,0.11363636363636363,17.701241489787748,0.6039603960396039,0.10638297872340426,0.02207792207792208,0.10443037974683544,0.10580524344569288,0.023760330578512397,0.024054982817869417,0.11067193675889328,0.13011152416356878,0.10441767068273092,0.1044776119402985,0.3729903536977492,0.6206896551724138,0.7128712871287128,0.2829581993569132,0.375,0.4230769230769231,0.21212121212121213,0.14790996784565916,0.391304347826087,0.391304347826087,0.04501607717041801,0.5,0.5,1.0,0.15112540192926044,0.2553191489361702,0.2553191489361702,0.75,0.16129032258064516,0.4444444444444444,0.5714285714285714,0.12698412698412698,,0.5691318327974276,0.2553191489361702,0.5062527419354839,0.49197692307692303,0.48593387096774177,0.18155619596541786,7.1132,25.23934426229508,0.2715261958997722,6.0,9.0,2.0,11.0,3.0,4.0,35.0,4.0,,,56.0,6.0,,1.0,2.0,16.0,4.0,16.0,6.0,23.0,6.0,,7.0,5.0,1.0,2.0,7.0,12.0,33.0,1.0,3.0,6.0,,6.0,9.0,0.5,0.44,0.5,0.5303030303030303,0.12931034482758622,0.017543859649122806,,0.030303030303030304,0.022222222222222223,0.01968503937007874,0.046511627906976744,0.07391304347826087,0.014492753623188406,0.75,0.4722222222222222,0.2777777777777778,0.2903225806451613,0.6666666666666666,0.4,1.0,0.09939759036144578,0.12177121771217712,0.10086455331412104,1.0,1.0,3.0,,2.0,,,0.025806451612903226,0.03225806451612903,0.047619047619047616,0.3333333333333333,1.0,1.0,2.0,1.0,1.0,2.0,0.5,1.0,1.0,,,,,True,,,
2216,1610612763,Zach Randolph,Zach Randolph,2216,MEM,31890.0,532,17.0,989,991,297,301.0,128.0,1980,48.0,84.0,15.0,24.0,46.0,96.0,23.0,61.0,,1.0,,11.0,,,6.0,117.0,241.0,,12.0,59.0,293.0,1008,45.0,,36.0,66.0,,7.0,33.0,105.0,102.0,132.0,,,9.0,,20.0,36.0,5.0,41.0,5.0,,21.0,8.0,87.0,36.0,19.0,64.0,94.0,44.0,138.0,9.0,5.0,4.0,24.0,14.0,22.0,2.0,46.0,17.0,49.0,71.0,73.0,,16.0,7.0,5.0,7.0,100.0,292,0.4358974358974359,0.5151515151515151,,,,,0.4854771784232365,0.5454545454545454,0.4624505928853755,0.4931506849315068,0.5158450704225352,0.5706521739130435,0.04743083003952569,0.08298755186721991,0.125,29.1005291005291,0.5217391304347826,0.1871345029239766,0.10112359550561797,0.1417910447761194,0.17436974789915966,0.0963302752293578,0.08633093525179857,0.16831683168316833,0.2198581560283688,0.14678899082568808,0.12,0.33201581027667987,0.5714285714285714,0.6233766233766234,0.3794466403162055,0.4791666666666667,0.5476190476190477,0.391304347826087,0.24110671936758893,0.3770491803278688,0.38333333333333336,0.003952569169960474,,,,0.043478260869565216,,,,,0.3287671232876712,0.625,0.0821917808219178,,0.3794466403162055,,0.45294979999999985,0.5109461538461537,0.4440207142857143,0.3583617747440273,7.805394190871371,33.85833333333333,0.30030333670374115,15.0,32.0,,22.0,,9.0,53.0,36.0,,2.0,7.0,6.0,2.0,11.0,14.0,1.0,7.0,10.0,2.0,15.0,3.0,,10.0,4.0,,9.0,2.0,11.0,26.0,,2.0,4.0,3.0,7.0,13.0,,0.4888888888888889,0.4888888888888889,0.5408163265306123,0.08333333333333333,0.4230769230769231,0.08,0.075,0.21649484536082475,0.025,0.21052631578947367,0.16,0.1308411214953271,0.5714285714285714,0.4791666666666667,0.43478260869565216,0.7111111111111111,0.46875,,,0.09701492537313433,0.1015625,0.18088737201365188,,,1.0,,1.0,,,0.03278688524590164,,0.0136986301369863,,,,,,,3.0,,,,0.01639344262295082,,,,True,,,
2419,1610612763,Tayshaun Prince,Tayshaun Prince,2419,MEM,20736.0,346,-25.0,631,640,150,175.0,68.0,1271,12.0,15.0,1.0,3.0,8.0,19.0,10.0,33.0,2.0,11.0,,2.0,,,,30.0,67.0,2.0,13.0,6.0,72.0,627,8.0,1.0,7.0,14.0,,2.0,2.0,16.0,38.0,22.0,6.0,,2.0,,1.0,23.0,1.0,24.0,,1.0,3.0,10.0,49.0,3.0,15.0,24.0,39.0,4.0,43.0,3.0,3.0,,,,3.0,,3.0,8.0,11.0,10.0,13.0,,1.0,1.0,1.0,1.0,16.0,149,0.6333333333333333,0.6333333333333333,1.0,0.15384615384615385,,0.15384615384615385,0.44776119402985076,0.5,0.4125,0.4375,0.4186046511627907,0.4444444444444444,0.1625,0.014925373134328358,0.05263157894736842,12.642045454545455,,0.1038961038961039,0.012552301255230125,0.16483516483516483,0.12111801242236025,0.013559322033898305,0.02,0.09090909090909091,0.09090909090909091,0.1643835616438356,0.16666666666666666,0.1875,0.8,0.8,0.2375,0.42105263157894735,0.4444444444444444,0.25,0.4125,0.30303030303030304,0.30303030303030304,0.1375,0.18181818181818182,0.18181818181818182,1.0,0.025,,,,,0.1875,0.3333333333333333,,,0.35,,0.47915687500000004,0.46853333333333336,0.46187812500000003,0.2222222222222222,12.097014925373134,23.753846153846155,0.23771790808240886,1.0,1.0,,4.0,,,8.0,,,,10.0,1.0,,,1.0,1.0,1.0,,,2.0,,,1.0,1.0,,,,1.0,6.0,,,,,2.0,1.0,,0.5,0.4444444444444444,0.4,,,,0.017857142857142856,,0.01098901098901099,,0.13636363636363635,0.02127659574468085,,0.8333333333333334,0.7,0.1111111111111111,1.0,,,0.07058823529411765,0.08333333333333333,0.1111111111111111,1.0,,2.0,,,,,0.02702702702702703,0.1111111111111111,0.125,,,,,,,,,,,,,,,True,,,
201949,1610612763,James Johnson,James Johnson,201949,MEM,24586.0,410,19.0,773,787,208,261.0,88.0,1560,40.0,68.0,10.0,16.0,9.0,19.0,7.0,17.0,3.0,9.0,7.0,27.0,,1.0,9.0,56.0,104.0,10.0,36.0,46.0,188.0,819,14.0,,12.0,25.0,2.0,12.0,20.0,50.0,36.0,76.0,30.0,,27.0,7.0,13.0,44.0,9.0,53.0,5.0,4.0,22.0,14.0,115.0,14.0,11.0,26.0,38.0,18.0,56.0,13.0,9.0,4.0,19.0,12.0,13.0,3.0,32.0,21.0,45.0,43.0,53.0,,4.0,14.0,8.0,20.0,50.0,208,0.32142857142857145,0.35294117647058826,1.0,0.2777777777777778,0.16666666666666666,0.2777777777777778,0.5384615384615384,0.48,0.5071428571428571,0.40540540540540543,0.5696969696969697,0.5319148936170213,0.2571428571428571,0.125,0.21052631578947367,22.386363636363633,0.59375,0.0948905109489051,0.05907172995780591,0.09482758620689655,0.09487179487179487,0.05863192182410423,0.025,0.08,0.13253012048192772,0.11363636363636363,0.03571428571428571,0.4857142857142857,0.5882352941176471,0.6779661016949152,0.1357142857142857,0.47368421052631576,0.6,0.4444444444444444,0.12142857142857143,0.4117647058823529,0.4117647058823529,0.06428571428571428,0.3333333333333333,0.3333333333333333,1.0,0.19285714285714287,0.25925925925925924,0.25925925925925924,1.0,,0.43243243243243246,0.625,0.24324324324324326,0.1111111111111111,0.7428571428571429,0.25925925925925924,0.5320217857142857,0.600525,0.4807202702702702,0.26595744680851063,5.3403846153846155,25.18611111111111,0.2690815006468305,7.0,13.0,,8.0,,4.0,20.0,10.0,,,8.0,4.0,,1.0,3.0,2.0,3.0,7.0,4.0,7.0,2.0,,3.0,2.0,2.0,1.0,2.0,4.0,25.0,2.0,4.0,10.0,,4.0,4.0,,0.5714285714285714,0.5714285714285714,0.5882352941176471,0.1323529411764706,0.045454545454545456,,0.05714285714285714,0.08333333333333333,0.06557377049180328,0.08333333333333333,0.07692307692307693,0.05454545454545454,0.5,0.275,0.42857142857142855,0.9285714285714286,0.5384615384615384,,,0.15527950310559005,0.2,0.10638297872340426,,1.0,3.0,,,,,0.05172413793103448,,0.08108108108108109,0.3333333333333333,,1.0,3.0,6.0,4.0,,0.14285714285714285,,,,2.0,1.0,,True,,,
202334,1610612763,Ed Davis,Ed Davis,202334,MEM,22975.0,383,7.0,724,731,171,195.0,83.0,1455,37.0,55.0,10.0,13.0,15.0,45.0,5.0,12.0,,,,,,,,57.0,112.0,,,15.0,129.0,734,30.0,,13.0,24.0,,,1.0,27.0,72.0,42.0,,,,,7.0,8.0,1.0,9.0,1.0,,5.0,2.0,19.0,32.0,18.0,50.0,74.0,35.0,109.0,6.0,4.0,2.0,6.0,2.0,9.0,,15.0,21.0,43.0,24.0,28.0,,,17.0,14.0,17.0,27.0,171,0.631578947368421,0.8372093023255814,,,,,0.5089285714285714,0.5416666666666666,0.5089285714285714,0.5416666666666666,0.5201612903225806,0.5192307692307693,,0.0625,0.08888888888888889,16.909975669099754,0.4,0.1968503937007874,0.12648221343873517,0.16666666666666666,0.1878453038674033,0.1111111111111111,0.13043478260869565,0.21686746987951808,0.12941176470588237,0.1566265060240964,0.2,0.49107142857142855,0.6727272727272727,0.7115384615384616,0.4017857142857143,0.3333333333333333,0.36585365853658536,0.6,0.10714285714285714,0.4166666666666667,0.4166666666666667,,,,,,,,,,0.5416666666666666,0.7692307692307693,,,0.49107142857142855,,0.5087464285714286,0.568451724137931,0.5229666666666666,0.20930232558139536,5.783035714285714,,0.2361878453038674,14.0,23.0,,18.0,,2.0,38.0,28.0,,,1.0,3.0,,6.0,5.0,1.0,2.0,4.0,2.0,5.0,2.0,,9.0,4.0,,3.0,,4.0,16.0,1.0,2.0,10.0,,4.0,,,0.6,0.6,0.5757575757575758,0.05454545454545454,0.25,,0.04838709677419355,0.1375,0.1111111111111111,0.07142857142857142,0.2441860465116279,0.10416666666666667,0.5882352941176471,0.6216216216216216,0.8,0.7666666666666667,0.6086956521739131,,,0.12903225806451613,0.12903225806451613,0.29457364341085274,,,,,,,,0.041666666666666664,,,,,,1.0,,,1.0,0.07142857142857142,,,,,3.0,,True,,,
202720,1610612763,Jon Leuer,Jon Leuer,202720,MEM,18104.0,302,-19.0,570,570,188,147.0,68.0,1140,20.0,28.0,10.0,12.0,16.0,37.0,15.0,31.0,,1.0,9.0,20.0,1.0,3.0,8.0,51.0,96.0,9.0,21.0,23.0,152.0,607,12.0,1.0,21.0,25.0,3.0,9.0,9.0,60.0,70.0,32.0,27.0,,20.0,9.0,7.0,8.0,2.0,10.0,2.0,,4.0,4.0,22.0,15.0,18.0,37.0,60.0,19.0,79.0,8.0,5.0,3.0,5.0,2.0,7.0,3.0,12.0,19.0,33.0,23.0,31.0,,1.0,7.0,4.0,7.0,60.0,188,0.6862745098039216,0.7291666666666666,1.0,0.42857142857142855,0.3333333333333333,0.42857142857142855,0.53125,0.84,0.5512820512820513,0.75,0.5801526717557252,0.7894736842105263,0.1794871794871795,0.07291666666666667,0.10810810810810811,22.102009273570324,0.4166666666666667,0.21264367816091953,0.07389162561576355,0.23076923076923078,0.21825396825396826,0.07058823529411765,0.09523809523809523,0.14705882352941177,0.27586206896551724,0.21311475409836064,0.29411764705882354,0.23931623931623933,0.7142857142857143,0.7692307692307693,0.3162393162393162,0.43243243243243246,0.48484848484848486,0.5,0.26495726495726496,0.4838709677419355,0.5,0.008547008547008548,,,,0.17094017094017094,0.45,0.45,1.0,0.07692307692307693,0.35294117647058826,0.8333333333333334,0.23529411764705882,0.375,0.4188034188034188,0.45,0.48674658119658115,0.47288499999999994,0.5350499999999999,0.39473684210526316,9.668750000000001,25.471428571428575,0.3298245614035088,4.0,6.0,1.0,6.0,1.0,5.0,20.0,6.0,,,,3.0,1.0,5.0,1.0,1.0,1.0,3.0,,4.0,1.0,,3.0,1.0,,2.0,1.0,3.0,16.0,,3.0,5.0,,2.0,1.0,1.0,0.5,0.5769230769230769,0.6666666666666666,0.07142857142857142,0.29411764705882354,0.058823529411764705,0.057692307692307696,0.05660377358490566,0.06060606060606061,,0.22916666666666666,0.02,0.7142857142857143,0.6,1.0,0.46153846153846156,0.6666666666666666,1.0,1.0,0.12307692307692308,0.14678899082568808,0.13157894736842105,,,1.0,,,,,0.06976744186046512,,0.029411764705882353,,,2.0,,,,,,,,0.03225806451612903,,,,True,,,
2034,1610612763,Mike Miller,Mike Miller,2034,MEM,37622.0,627,5.0,1186,1184,299,261.0,143.0,2370,9.0,17.0,2.0,3.0,6.0,14.0,35.0,59.0,7.0,10.0,34.0,83.0,7.0,6.0,23.0,50.0,90.0,41.0,93.0,17.0,240.0,1223,7.0,9.0,14.0,23.0,8.0,25.0,8.0,60.0,70.0,30.0,117.0,6.0,83.0,34.0,3.0,45.0,7.0,52.0,5.0,2.0,18.0,12.0,111.0,5.0,22.0,46.0,72.0,6.0,78.0,10.0,5.0,5.0,20.0,17.0,11.0,1.0,31.0,14.0,28.0,23.0,24.0,8.0,2.0,,,1.0,58.0,296,0.7,0.7,0.9512195121951219,0.44086021505376344,0.32,0.44086021505376344,0.5555555555555556,0.6086956521739131,0.6092896174863388,0.5416666666666666,0.6157894736842106,0.5490196078431373,0.5081967213114754,0.03333333333333333,0.07142857142857142,16.322008862629247,0.6451612903225806,0.11358024691358025,0.012165450121654502,0.14285714285714285,0.12164579606440072,0.011363636363636364,0.013422818791946308,0.11347517730496454,0.16296296296296298,0.15079365079365079,0.10714285714285714,0.09289617486338798,0.5294117647058824,0.6,0.07650273224043716,0.42857142857142855,0.46153846153846156,0.3333333333333333,0.3224043715846995,0.5932203389830508,0.5932203389830508,0.0546448087431694,0.7,0.7,1.0,0.453551912568306,0.40963855421686746,0.40963855421686746,0.9411764705882353,0.4375,0.0625,0.6666666666666666,0.4791666666666667,0.2608695652173913,0.6010928961748634,0.40963855421686746,0.4894918032786886,0.4853892857142857,0.4703916666666666,0.25,14.075555555555555,25.165591397849465,0.2521079258010118,,2.0,3.0,3.0,5.0,1.0,22.0,,,,15.0,1.0,,4.0,1.0,5.0,,3.0,4.0,8.0,,,1.0,5.0,,,2.0,2.0,7.0,,,,,1.0,1.0,0.5555555555555556,0.42857142857142855,0.65625,0.6470588235294118,0.11764705882352941,0.14285714285714285,,0.008547008547008548,0.015267175572519083,0.007633587786259542,,0.06201550387596899,0.011363636363636364,,0.3333333333333333,0.8571428571428571,0.125,,0.42857142857142855,1.0,0.03723404255319149,0.07368421052631578,0.09166666666666666,2.0,2.0,2.0,,,,,0.010526315789473684,0.125,0.041666666666666664,1.0,2.0,,1.0,1.0,1.0,,,1.0,1.0,,,,,True,,,
2754,1610612763,Tony Allen,Tony Allen,2754,MEM,18634.0,311,46.0,582,597,145,135.0,72.0,1179,40.0,63.0,8.0,12.0,4.0,9.0,3.0,11.0,4.0,7.0,1.0,5.0,,,2.0,47.0,83.0,5.0,12.0,19.0,128.0,596,16.0,,9.0,16.0,2.0,7.0,8.0,32.0,52.0,42.0,15.0,,3.0,1.0,7.0,16.0,4.0,20.0,2.0,2.0,9.0,4.0,44.0,14.0,11.0,26.0,39.0,18.0,57.0,22.0,18.0,4.0,16.0,9.0,15.0,4.0,31.0,14.0,40.0,21.0,29.0,,2.0,3.0,2.0,3.0,32.0,144,0.5531914893617021,0.6190476190476191,1.0,0.4166666666666667,0.2857142857142857,0.5,0.5662650602409639,0.5625,0.5736842105263158,0.5217391304347826,0.5925925925925926,0.5925925925925926,0.12631578947368421,0.08433734939759036,0.1111111111111111,20.87087087087087,0.5161290322580645,0.12682926829268293,0.07368421052631578,0.14473684210526316,0.13167259786476868,0.07391304347826087,0.06756756756756757,0.18181818181818182,0.1323529411764706,0.1694915254237288,0.058823529411764705,0.6631578947368421,0.6349206349206349,0.7017543859649122,0.09473684210526316,0.4444444444444444,0.5,0.25,0.11578947368421053,0.2727272727272727,0.2727272727272727,0.07368421052631578,0.5714285714285714,0.5714285714285714,1.0,0.05263157894736842,0.2,0.2,1.0,,0.5217391304347826,0.6666666666666666,0.08695652173913043,,0.7894736842105263,0.3333333333333333,0.611163440860215,0.5734153846153845,0.6130452380952383,0.25,4.297590361445784,28.90833333333333,0.24914089347079038,8.0,13.0,,9.0,,,18.0,10.0,,2.0,3.0,3.0,1.0,2.0,3.0,4.0,2.0,7.0,4.0,9.0,2.0,,7.0,1.0,,,2.0,3.0,14.0,1.0,,1.0,,5.0,1.0,,0.5625,0.5625,0.5625,0.09523809523809523,0.11764705882352941,0.05263157894736842,0.075,0.08771929824561403,0.06779661016949153,,0.05,0.09090909090909091,0.3333333333333333,0.55,1.0,0.8125,0.6153846153846154,,,0.1320754716981132,0.14893617021276595,0.140625,,2.0,5.0,,1.0,,,0.09090909090909091,,0.21739130434782608,0.4,,,,,,1.0,0.25,,,,,,,True,,,
201573,1610612763,Jerryd Bayless,Jerryd Bayless,201573,MEM,6449.0,107,-32.0,193,195,54,37.0,27.0,388,4.0,8.0,,2.0,4.0,7.0,4.0,19.0,1.0,5.0,4.0,10.0,1.0,2.0,4.0,12.0,34.0,5.0,15.0,7.0,46.0,237,4.0,1.0,2.0,11.0,3.0,6.0,1.0,14.0,10.0,14.0,15.0,,10.0,4.0,5.0,5.0,2.0,7.0,2.0,,3.0,,16.0,2.0,1.0,5.0,6.0,2.0,8.0,3.0,1.0,2.0,2.0,2.0,2.0,,4.0,4.0,7.0,8.0,9.0,2.0,,1.0,,1.0,14.0,54,0.4166666666666667,0.4166666666666667,1.0,0.3333333333333333,0.5,0.3333333333333333,0.35294117647058826,0.18181818181818182,0.3979591836734694,0.38235294117647056,0.4326923076923077,0.4117647058823529,0.30612244897959184,0.14705882352941177,0.14285714285714285,25.112107623318387,0.5,0.08196721311475409,0.02666666666666667,0.037037037037037035,0.06818181818181818,0.020833333333333332,,0.09523809523809523,0.1,0.05,,0.16326530612244897,0.5,0.8,0.14285714285714285,0.5714285714285714,0.6666666666666666,,0.3877551020408163,0.21052631578947367,0.2222222222222222,0.10204081632653061,0.2,0.2,1.0,0.20408163265306123,0.4,0.4,1.0,0.2,0.11764705882352941,,0.23529411764705882,0.5,0.46938775510204084,0.4,0.45889387755102035,0.44114999999999993,0.4586058823529412,0.30434782608695654,12.544117647058824,24.793333333333333,0.27979274611398963,2.0,2.0,,2.0,,,4.0,,,,2.0,,,,,2.0,,,,,,,,,1.0,1.0,,1.0,4.0,,1.0,1.0,,1.0,,,0.5,0.4,0.4,0.375,,,,,0.06451612903225806,,0.05,,1.0,0.5,0.75,0.4,1.0,,,0.07692307692307693,0.10810810810810811,0.08695652173913043,,1.0,2.0,,,,,,,0.11764705882352941,0.5,,1.0,,,,,0.5,,,0.05263157894736842,,,,True,,,
201585,1610612763,Kosta Koufos,Kosta Koufos,201585,MEM,30644.0,511,87.0,954,965,212,241.0,127.0,1919,54.0,80.0,5.0,10.0,33.0,72.0,5.0,16.0,,,,,,,,92.0,168.0,,,31.0,215.0,934,39.0,,13.0,28.0,,,11.0,37.0,138.0,46.0,,,,,6.0,9.0,2.0,11.0,2.0,,3.0,2.0,24.0,40.0,26.0,54.0,83.0,52.0,135.0,13.0,9.0,4.0,7.0,4.0,23.0,7.0,30.0,33.0,65.0,41.0,47.0,,3.0,25.0,17.0,25.0,37.0,212,0.75,0.9078947368421053,,,,,0.5476190476190477,0.4642857142857143,0.5476190476190477,0.4642857142857143,0.56282722513089,0.5285714285714286,,0.03571428571428571,0.013888888888888888,19.89150090415913,0.23333333333333334,0.15606936416184972,0.11527377521613832,0.174496644295302,0.16161616161616163,0.1191588785046729,0.12195121951219512,0.176,0.1724137931034483,0.18699186991869918,0.11538461538461539,0.47619047619047616,0.675,0.7105263157894737,0.42857142857142855,0.4583333333333333,0.4647887323943662,0.9090909090909091,0.09523809523809523,0.3125,0.3333333333333333,,,,,,,,,,0.35714285714285715,0.5,,,0.47619047619047616,,0.4975333333333335,0.550425806451613,0.47386428571428574,0.17209302325581396,5.359523809523809,,0.2222222222222222,18.0,29.0,,22.0,,3.0,47.0,32.0,,,4.0,11.0,1.0,3.0,7.0,2.0,1.0,3.0,5.0,7.0,2.0,,10.0,8.0,,2.0,1.0,2.0,22.0,,8.0,16.0,2.0,2.0,2.0,,0.5641025641025641,0.5641025641025641,0.5595238095238095,0.05,0.13043478260869565,0.038461538461538464,0.13580246913580246,0.1282051282051282,0.09345794392523364,0.2777777777777778,0.11428571428571428,0.1,0.64,0.6296296296296297,1.0,0.7435897435897436,0.6206896551724138,,,0.11702127659574468,0.11702127659574468,0.2186046511627907,,,,,,,,0.09523809523809523,,,,,1.0,2.0,,,1.0,0.16666666666666666,,,0.0625,,2.0,1.0,True,,,
202347,1610612763,Quincy Pondexter,Quincy Pondexter,202347,MEM,2057.0,34,-5.0,63,61,30,20.0,10.0,124,2.0,4.0,1.0,3.0,,1.0,,3.0,1.0,1.0,1.0,5.0,,1.0,3.0,2.0,8.0,2.0,6.0,3.0,13.0,60,1.0,,1.0,6.0,2.0,4.0,2.0,10.0,4.0,,6.0,,4.0,1.0,3.0,6.0,,6.0,,,1.0,1.0,12.0,1.0,1.0,1.0,2.0,2.0,4.0,2.0,1.0,1.0,1.0,1.0,1.0,,2.0,2.0,3.0,2.0,4.0,,,,,,10.0,30,1.0,1.0,1.0,0.3333333333333333,0.5,0.4,0.25,0.16666666666666666,0.35714285714285715,0.4,0.40625,0.45454545454545453,0.42857142857142855,0.375,,24.0,0.5,0.05263157894736842,0.04,0.07692307692307693,0.0625,0.06060606060606061,,,,0.125,,0.2857142857142857,0.5,1.0,0.07142857142857142,,,,0.21428571428571427,,,0.07142857142857142,1.0,1.0,1.0,0.35714285714285715,0.2,0.2,1.0,,0.3,0.3333333333333333,0.3,0.3333333333333333,0.7142857142857143,0.25,0.5107192307692308,0.3105,0.5010055555555555,0.7692307692307693,8.475,27.649999999999995,0.47619047619047616,,1.0,,,,,,,,1.0,4.0,1.0,,,,1.0,,,,1.0,,,,,,,,,2.0,,,,,,,,,,,0.5,,,0.125,0.1,,,0.2,,,1.0,,1.0,,,,0.125,0.2,,,1.0,1.0,,,,,0.125,,0.1,1.0,,,,,,,,,,0.3333333333333333,,,,True,,,
203479,1610612763,Jamaal Franklin,Jamaal Franklin,203479,MEM,6190.0,103,23.0,197,204,73,93.0,25.0,401,5.0,7.0,3.0,3.0,,3.0,2.0,10.0,2.0,2.0,2.0,4.0,,,,7.0,20.0,4.0,6.0,2.0,28.0,183,1.0,,4.0,9.0,2.0,2.0,2.0,16.0,10.0,4.0,12.0,,4.0,2.0,3.0,,3.0,3.0,2.0,1.0,,,9.0,1.0,6.0,9.0,17.0,2.0,19.0,4.0,1.0,3.0,2.0,2.0,4.0,1.0,6.0,6.0,18.0,6.0,2.0,,,1.0,1.0,1.0,16.0,73,0.7142857142857143,0.7142857142857143,1.0,0.6666666666666666,1.0,0.6666666666666666,0.35,0.4444444444444444,0.5,0.6363636363636364,0.5185185185185185,0.6666666666666666,0.23076923076923078,0.15,0.6666666666666666,14.410480349344978,0.3333333333333333,0.14754098360655737,0.014084507042253521,0.17142857142857143,0.15625,0.02247191011235955,,,0.23076923076923078,0.16129032258064516,0.25,0.2692307692307692,0.7142857142857143,0.8333333333333334,0.11538461538461539,,,,0.38461538461538464,0.2,0.2,0.07692307692307693,1.0,1.0,1.0,0.15384615384615385,0.5,0.5,1.0,,0.2727272727272727,1.0,,,0.5,0.5,0.49831538461538466,0.4085,0.4824409090909091,0.5714285714285714,10.719999999999997,24.533333333333335,0.37055837563451777,,,,,,,,,,,,1.0,,2.0,,,,,,2.0,1.0,,2.0,,,,,,1.0,,,,,2.0,,,,,,0.14285714285714285,0.5,,0.05555555555555555,,0.038461538461538464,,0.17647058823529413,,,0.6,1.0,,,,,0.037037037037037035,0.047619047619047616,,,2.0,2.0,,,,,0.05555555555555555,,0.18181818181818182,1.0,,,,,,1.0,,,,,,,,True,,,
2757,1610612763,Beno Udrih,Beno Udrih,2757,MEM,2459.0,41,-2.0,84,85,50,53.0,7.0,169,3.0,4.0,1.0,2.0,1.0,3.0,3.0,6.0,,,2.0,2.0,,2.0,2.0,7.0,13.0,2.0,2.0,5.0,25.0,98,,,3.0,6.0,2.0,2.0,3.0,15.0,2.0,12.0,6.0,,2.0,2.0,,3.0,2.0,5.0,1.0,1.0,1.0,1.0,12.0,,1.0,,1.0,,1.0,1.0,1.0,,2.0,2.0,2.0,,4.0,,1.0,3.0,6.0,,2.0,1.0,1.0,1.0,15.0,50,0.14285714285714285,0.14285714285714285,1.0,1.0,1.0,1.0,0.5384615384615384,0.5,0.6666666666666666,0.75,0.6944444444444444,0.75,0.13333333333333333,,,24.175824175824175,0.5,,,0.1111111111111111,0.034482758620689655,,,,,0.125,,0.26666666666666666,0.75,0.75,0.2,0.3333333333333333,0.3333333333333333,,0.4,0.5,0.5,,,,,0.13333333333333333,1.0,1.0,1.0,,0.25,0.5,0.25,1.0,0.4,1.0,0.4522066666666667,,0.46538749999999995,0.6,10.776923076923076,24.9,0.5952380952380952,,,,,,,,,,,1.0,,,,,2.0,,,,3.0,,,,,,,,,1.0,,,,,,1.0,,,,,,,,,,,,,,,,0.3333333333333333,,,,,0.0625,0.07142857142857142,,,,,,,,,,,,,,,,,,,,,,,,,,True,,,
202721,1610612763,Darius Morris,Darius Morris,202721,MEM,361.0,6,,12,10,4,1.0,1.0,22,,,,,,,1.0,2.0,,,,,,,,1.0,2.0,,,,2.0,14,,,1.0,1.0,,,,2.0,,2.0,,,,,1.0,1.0,,1.0,,,,1.0,2.0,1.0,,,,1.0,1.0,,,,,,,,,,,,,,,,,,2.0,4,,,,,,,0.5,1.0,0.5,1.0,0.5,1.0,,0.5,,15.384615384615383,,,1.0,,,1.0,,,,,,,,,,,,,1.0,0.5,1.0,,,,,,,,,,,,,,,,0.29935,,0.2666,1.0,16.7,,0.3333333333333333,,,,,,,,,,,,,,,,,,,,,,,,,,,,,,,,,,,,,,,,,,,,,1.0,,,,,,,,,,,,,,,,,,,,,,,,,,,,,,,,,,0.5,,,,True,,,
203552,1610612763,Seth Curry,Seth Curry,203552,MEM,245.0,4,6.0,8,8,8,,,16,,,,,,,,,,,,,,,,,,,,,,5,,,,,,,,,,,,,,,,,,,,,,,,,,,,,,,,,,,,,,,,,,,,,,,,8,,,,,,,,,,,,,,,,,,,,,,,,,,,,,,,,,,,,,,,,,,,,,,,,,,,,,,,,,,,1.0,,,,,,,,,,,,,,,,,,,,,,,,,,,,,,,,,,,,,,,,,,,,,,,,,,,,,,,,,,,,,,,,,,,,,,,,,,,,,,,,,,,True,,,
201144,1610612763,Mike Conley,Mike Conley,201144,MEM,143426.0,2390,118.0,4465,4433,942,1002.0,604.0,8898,175.0,296.0,34.0,57.0,81.0,207.0,97.0,225.0,14.0,47.0,86.0,232.0,20.0,22.0,60.0,353.0,728.0,100.0,279.0,221.0,1227.0,4731,54.0,24.0,63.0,136.0,25.0,66.0,86.0,287.0,172.0,534.0,213.0,87.0,226.0,86.0,47.0,354.0,75.0,429.0,47.0,28.0,168.0,80.0,933.0,31.0,56.0,110.0,167.0,40.0,207.0,106.0,57.0,49.0,109.0,70.0,39.0,1.0,148.0,71.0,139.0,244.0,271.0,14.0,28.0,10.0,7.0,12.0,280.0,918,0.24362606232294617,0.2471264367816092,0.71,0.35842293906810035,0.3787878787878788,0.3663003663003663,0.4848901098901099,0.4632352941176471,0.49950347567030784,0.4975247524752475,0.5409252669039146,0.5745967741935484,0.2770605759682224,0.06456043956043957,0.08695652173913043,24.48900887003471,0.7364864864864865,0.07607192254495158,0.017543859649122806,0.0890302066772655,0.08,0.01793103448275862,0.022364217252396165,0.06751054852320675,0.09320388349514563,0.08779443254817987,0.09259259259259259,0.2939424031777557,0.5912162162162162,0.6554307116104869,0.20556107249255212,0.391304347826087,0.42857142857142855,0.1111111111111111,0.2234359483614697,0.4311111111111111,0.4311111111111111,0.04667328699106256,0.2978723404255319,0.2978723404255319,0.8571428571428571,0.23038728897715988,0.3706896551724138,0.3722943722943723,0.686046511627907,0.2564102564102564,0.28217821782178215,0.5964912280701754,0.297029702970297,0.36666666666666664,0.5710029791459782,0.3805309734513274,0.4962868131868131,0.48510869565217407,0.4704147499999998,0.2339038304808476,8.709065934065935,25.69928315412187,0.21097424412094065,15.0,20.0,9.0,33.0,9.0,18.0,111.0,10.0,,6.0,106.0,8.0,1.0,1.0,11.0,15.0,12.0,39.0,12.0,34.0,5.0,,1.0,3.0,8.0,2.0,27.0,21.0,108.0,1.0,2.0,6.0,,10.0,17.0,0.375,0.6111111111111112,0.5961538461538461,0.6306818181818182,0.09797297297297297,0.009900990099009901,0.007751937984496124,0.0196078431372549,0.016363636363636365,0.01353637901861252,0.014814814814814815,0.06564551422319474,0.022587268993839837,0.5,0.2914285714285714,0.26804123711340205,0.2564102564102564,0.75,0.45,0.6666666666666666,0.10036496350364964,0.1325153374233129,0.09046454767726161,4.0,3.0,6.0,1.0,2.0,0.0035842293906810036,0.004310344827586207,0.02197802197802198,0.05128205128205128,0.0297029702970297,0.5,,4.0,5.0,2.0,,,0.2,,,,2.0,,,False,2.0,0.0071174377224199285,
201188,1610612763,Marc Gasol,Marc Gasol,201188,MEM,89300.0,1488,85.0,2745,2734,574,554.0,338.0,5479,95.0,126.0,13.0,16.0,96.0,233.0,63.0,170.0,,,,7.0,,,5.0,254.0,529.0,,7.0,150.0,658.0,2875,58.0,,46.0,91.0,,5.0,60.0,152.0,350.0,158.0,,,5.0,,19.0,128.0,37.0,165.0,20.0,17.0,79.0,15.0,367.0,55.0,74.0,177.0,264.0,69.0,333.0,39.0,24.0,15.0,38.0,18.0,42.0,2.0,80.0,56.0,110.0,222.0,195.0,,29.0,58.0,39.0,58.0,148.0,554,0.6889763779527559,0.720164609053498,,,,,0.48015122873345933,0.5054945054945055,0.47388059701492535,0.4791666666666667,0.5289389067524116,0.562962962962963,0.013059701492537313,0.035916824196597356,0.02575107296137339,22.29279136233725,0.475,0.193020719738277,0.052430886558627265,0.19680851063829788,0.19412219644238204,0.05092592592592592,0.057291666666666664,0.20748299319727892,0.15942028985507245,0.20284697508896798,0.17894736842105263,0.23507462686567165,0.753968253968254,0.8407079646017699,0.43470149253731344,0.41201716738197425,0.42290748898678415,0.6458333333333334,0.31716417910447764,0.37058823529411766,0.37058823529411766,,,,,0.013059701492537313,,,,,0.16666666666666666,0.8125,0.052083333333333336,,0.24813432835820895,,0.4443822097378277,0.4871240740740739,0.4238425531914893,0.23100303951367782,9.96219281663516,31.557142857142857,0.20910746812386158,17.0,23.0,,33.0,,11.0,77.0,22.0,,2.0,34.0,11.0,3.0,13.0,10.0,12.0,6.0,20.0,9.0,18.0,2.0,,11.0,14.0,6.0,24.0,7.0,23.0,80.0,2.0,17.0,34.0,,8.0,24.0,,0.5689655172413793,0.5689655172413793,0.6015625,0.10317460317460317,0.22033898305084745,0.039473684210526314,0.044534412955465584,0.06802721088435375,0.03504043126684636,0.03409090909090909,0.21942446043165467,0.038461538461538464,0.5862068965517241,0.6105263157894737,0.873015873015873,0.39655172413793105,0.7391304347826086,,,0.13490725126475547,0.13651877133105803,0.11702127659574468,,,,,1.0,,,0.050314465408805034,,,,,2.0,3.0,,,2.0,0.35294117647058826,,,,,1.0,1.0,False,,,
201573,1610612763,Jerryd Bayless,Jerryd Bayless,201573,MEM,32519.0,542,51.0,1019,1021,249,282.0,149.0,2040,15.0,31.0,4.0,9.0,13.0,31.0,25.0,60.0,10.0,25.0,10.0,43.0,5.0,2.0,15.0,53.0,122.0,20.0,68.0,38.0,204.0,1076,8.0,9.0,9.0,26.0,3.0,16.0,16.0,43.0,32.0,74.0,60.0,,43.0,10.0,3.0,41.0,18.0,59.0,14.0,4.0,19.0,8.0,136.0,5.0,14.0,30.0,45.0,6.0,51.0,17.0,9.0,8.0,11.0,7.0,7.0,1.0,18.0,28.0,65.0,44.0,48.0,4.0,9.0,4.0,1.0,4.0,34.0,242,0.3018867924528302,0.3018867924528302,1.0,0.29411764705882354,0.1875,0.29411764705882354,0.4344262295081967,0.34615384615384615,0.4368421052631579,0.32142857142857145,0.4785714285714286,0.4056603773584906,0.35789473684210527,0.02459016393442623,0.03225806451612903,18.858560794044664,0.6111111111111112,0.09009009009009009,0.013089005235602094,0.08917197452229299,0.08979591836734693,0.012,0.02564102564102564,0.09322033898305085,0.09433962264150944,0.08403361344537816,0.10526315789473684,0.1631578947368421,0.4838709677419355,0.5172413793103449,0.1631578947368421,0.41935483870967744,0.43333333333333335,0.15384615384615385,0.3157894736842105,0.4166666666666667,0.4166666666666667,0.13157894736842105,0.4,0.4,1.0,0.22631578947368422,0.23255813953488372,0.23255813953488372,1.0,0.29411764705882354,0.21428571428571427,0.4444444444444444,0.35714285714285715,0.13333333333333333,0.5210526315789473,0.23255813953488372,0.4951616402116402,0.4838384615384616,0.5041658536585366,0.2107843137254902,12.086065573770496,24.5764705882353,0.24435721295387636,1.0,1.0,1.0,3.0,3.0,3.0,18.0,,,,14.0,1.0,,1.0,3.0,3.0,,4.0,3.0,4.0,,,1.0,1.0,1.0,1.0,3.0,4.0,15.0,1.0,2.0,3.0,,11.0,4.0,0.3333333333333333,0.375,0.4411764705882353,0.47368421052631576,0.06451612903225806,0.03225806451612903,,0.00847457627118644,0.007462686567164179,0.007633587786259542,,0.08256880733944955,0.026785714285714284,0.75,0.4666666666666667,0.28,0.058823529411764705,1.0,0.2,1.0,0.07462686567164178,0.11278195488721804,0.08823529411764706,4.0,1.0,1.0,,1.0,,,0.01282051282051282,0.23529411764705882,0.023809523809523808,1.0,2.0,1.0,1.0,,,,1.0,0.5,1.0,,,,,False,,,
201585,1610612763,Kosta Koufos,Kosta Koufos,201585,MEM,50316.0,839,-49.0,1556,1560,258,249.0,236.0,3116,87.0,162.0,15.0,28.0,39.0,106.0,9.0,23.0,,,,,,,,135.0,291.0,,,29.0,299.0,1651,83.0,,21.0,50.0,,,9.0,51.0,196.0,74.0,,,,,28.0,23.0,5.0,28.0,4.0,1.0,7.0,5.0,61.0,96.0,58.0,101.0,176.0,107.0,283.0,19.0,10.0,9.0,19.0,8.0,18.0,3.0,37.0,61.0,117.0,44.0,46.0,,2.0,46.0,35.0,46.0,51.0,258,0.725925925925926,0.875,,,,,0.4639175257731959,0.42,0.4639175257731959,0.42,0.482258064516129,0.4636363636363636,,0.09621993127147767,0.03773584905660377,18.848451928299838,0.5135135135135135,0.1931166347992352,0.14096916299559473,0.26851851851851855,0.21515561569688768,0.12773722627737227,0.14042553191489363,0.17486338797814208,0.20496894409937888,0.2838709677419355,0.22950819672131148,0.5567010309278351,0.5370370370370371,0.6304347826086957,0.3642611683848797,0.36792452830188677,0.38235294117647056,0.8205128205128205,0.07903780068728522,0.391304347826087,0.391304347826087,,,,,,,,,,0.56,0.5357142857142857,,,0.5567010309278351,,0.5076766323024056,0.550832,0.5092639999999999,0.1705685618729097,4.768041237113403,,0.16580976863753213,29.0,68.0,,33.0,,3.0,69.0,46.0,,,11.0,9.0,2.0,17.0,15.0,2.0,3.0,11.0,4.0,7.0,2.0,,16.0,6.0,1.0,8.0,1.0,8.0,25.0,,11.0,29.0,1.0,5.0,2.0,,0.39759036144578314,0.39759036144578314,0.4011627906976744,0.14814814814814814,0.4722222222222222,0.04878048780487805,0.06382978723404255,0.16071428571428573,0.12162162162162163,0.041666666666666664,0.2011173184357542,0.11811023622047244,0.6304347826086957,0.6551724137931034,1.0,0.8192771084337349,0.4264705882352941,,,0.08116883116883117,0.08116883116883117,0.23076923076923078,,,,,,,,0.07526881720430108,,,,,4.0,,,,1.0,0.13793103448275862,,,,,2.0,,False,,,
202347,1610612763,Quincy Pondexter,Quincy Pondexter,202347,MEM,14161.0,236,-101.0,437,447,112,113.0,52.0,884,11.0,20.0,3.0,8.0,6.0,12.0,1.0,5.0,4.0,13.0,5.0,15.0,,,3.0,18.0,37.0,9.0,28.0,18.0,81.0,538,6.0,1.0,6.0,16.0,,9.0,5.0,17.0,16.0,20.0,24.0,3.0,15.0,5.0,4.0,11.0,3.0,14.0,2.0,1.0,7.0,3.0,31.0,6.0,4.0,9.0,14.0,8.0,22.0,3.0,2.0,1.0,5.0,3.0,8.0,2.0,13.0,7.0,15.0,18.0,22.0,,1.0,1.0,1.0,1.0,17.0,111,0.4444444444444444,0.5,0.8888888888888888,0.32142857142857145,,0.32142857142857145,0.4864864864864865,0.375,0.4846153846153846,0.24,0.5472972972972973,0.3148148148148148,0.4307692307692308,0.10810810810810811,,17.469879518072286,0.38461538461538464,0.06382978723404255,0.03680981595092025,0.08163265306122448,0.06842105263157895,0.03902439024390244,0.016666666666666666,0.06382978723404255,0.10416666666666667,0.0625,0.11764705882352941,0.3076923076923077,0.55,0.6875,0.18461538461538463,0.5,0.5,,0.07692307692307693,0.2,0.2,0.2,0.3076923076923077,0.3333333333333333,1.0,0.23076923076923078,0.3333333333333333,0.3333333333333333,0.8,,0.32,0.375,0.12,,0.7384615384615385,0.3333333333333333,0.5301053846153846,0.4639642857142858,0.522056,0.20987654320987653,6.210810810810811,24.553571428571434,0.2562929061784897,2.0,3.0,,4.0,1.0,2.0,13.0,4.0,,,1.0,2.0,,1.0,2.0,1.0,1.0,2.0,1.0,1.0,1.0,,1.0,1.0,1.0,,1.0,3.0,10.0,,,,,2.0,1.0,1.0,0.6666666666666666,0.7857142857142857,0.8125,0.2,0.07692307692307693,,0.047619047619047616,0.05128205128205128,0.046875,0.0625,0.021739130434782608,0.0625,,0.7272727272727273,,0.42857142857142855,0.6666666666666666,,,0.1506849315068493,0.22727272727272727,0.16049382716049382,1.0,,6.0,1.0,1.0,0.03571428571428571,,0.038461538461538464,0.14285714285714285,0.24,,1.0,1.0,,,,,,1.0,1.0,,,,,False,1.0,0.034482758620689655,0.07692307692307693
2034,1610612763,Mike Miller,Mike Miller,2034,MEM,64757.0,1079,-57.0,2059,2035,517,575.0,298.0,4094,24.0,31.0,5.0,6.0,8.0,23.0,24.0,66.0,19.0,42.0,47.0,98.0,12.0,10.0,22.0,56.0,120.0,66.0,140.0,29.0,339.0,2288,19.0,13.0,9.0,20.0,12.0,30.0,10.0,64.0,72.0,40.0,195.0,3.0,98.0,47.0,4.0,59.0,19.0,78.0,9.0,10.0,23.0,22.0,175.0,19.0,35.0,66.0,105.0,24.0,129.0,16.0,13.0,3.0,26.0,20.0,20.0,2.0,46.0,30.0,67.0,27.0,32.0,6.0,4.0,3.0,3.0,4.0,62.0,499,0.6428571428571429,0.7346938775510204,0.9848484848484849,0.4714285714285714,0.4,0.4714285714285714,0.4666666666666667,0.45,0.5961538461538461,0.54,0.6098901098901099,0.5714285714285714,0.5384615384615384,0.03333333333333333,0.17391304347826086,13.220058019063407,0.5652173913043478,0.10855263157894737,0.024771838331160364,0.1174496644295302,0.11147902869757174,0.023880597014925373,0.02158273381294964,0.11219512195121951,0.1497584541062802,0.12719298245614036,0.08571428571428572,0.11923076923076924,0.7741935483870968,0.7741935483870968,0.08846153846153847,0.34782608695652173,0.42105263157894735,0.5,0.25384615384615383,0.36363636363636365,0.36363636363636365,0.16153846153846155,0.4523809523809524,0.4523809523809524,1.0,0.3769230769230769,0.47959183673469385,0.47959183673469385,0.9787234042553191,0.375,0.12,0.8333333333333334,0.44,0.45454545454545453,0.6576923076923077,0.47959183673469385,0.5054046153846152,0.5150222222222222,0.506896,0.1887905604719764,12.294999999999995,24.836428571428566,0.2510927634774162,10.0,11.0,10.0,13.0,11.0,2.0,61.0,14.0,,,14.0,5.0,,4.0,5.0,9.0,,6.0,4.0,11.0,3.0,1.0,3.0,5.0,2.0,,1.0,,9.0,,,1.0,,5.0,3.0,0.8461538461538461,0.6842105263157895,0.921875,0.9242424242424242,,0.07142857142857142,,0.02100840336134454,0.03435114503816794,0.01762114537444934,0.0410958904109589,0.061224489795918366,0.03816793893129771,0.25,0.5,0.8333333333333334,0.34375,0.9090909090909091,0.8333333333333334,1.0,0.03345724907063197,0.06976744186046512,0.17994100294985252,1.0,2.0,8.0,,,,,0.012121212121212121,0.03125,0.16,0.25,1.0,,2.0,1.0,,,0.3,1.0,1.0,,1.0,1.0,,False,,,
2754,1610612763,Tony Allen,Tony Allen,2754,MEM,58057.0,968,45.0,1806,1819,384,411.0,254.0,3625,118.0,187.0,23.0,31.0,11.0,36.0,17.0,60.0,5.0,22.0,1.0,13.0,1.0,,4.0,146.0,283.0,6.0,35.0,57.0,367.0,1908,51.0,4.0,28.0,47.0,1.0,9.0,18.0,77.0,172.0,120.0,18.0,,11.0,1.0,27.0,64.0,10.0,74.0,6.0,4.0,36.0,18.0,158.0,53.0,25.0,55.0,90.0,61.0,151.0,68.0,45.0,23.0,34.0,19.0,25.0,3.0,59.0,27.0,81.0,68.0,92.0,,6.0,10.0,8.0,16.0,75.0,372,0.589041095890411,0.6417910447761194,1.0,0.17142857142857143,0.1111111111111111,0.18181818181818182,0.5159010600706714,0.5957446808510638,0.48742138364779874,0.5267857142857143,0.5125698324022346,0.5661764705882353,0.11006289308176101,0.09540636042402827,0.1388888888888889,19.62264150943396,0.576271186440678,0.09683098591549295,0.07201086956521739,0.099601593625498,0.09768009768009768,0.06900452488687783,0.05737704918032787,0.07567567567567568,0.16336633663366337,0.10734463276836158,0.08108108108108109,0.5880503144654088,0.6310160427807486,0.7108433734939759,0.11320754716981132,0.3055555555555556,0.3548387096774194,0.7272727272727273,0.18867924528301888,0.2833333333333333,0.288135593220339,0.06918238993710692,0.22727272727272727,0.22727272727272727,1.0,0.040880503144654086,0.07692307692307693,0.08333333333333333,1.0,0.01818181818181818,0.5535714285714286,0.7419354838709677,0.07142857142857142,,0.6981132075471698,0.09090909090909091,0.5535382911392405,0.5261187500000001,0.5455166666666668,0.2098092643051771,6.1024734982332145,26.24,0.21262458471760798,19.0,36.0,,25.0,,7.0,57.0,24.0,,2.0,10.0,8.0,,10.0,10.0,10.0,2.0,15.0,10.0,15.0,4.0,,3.0,3.0,,1.0,3.0,12.0,46.0,1.0,1.0,11.0,,6.0,4.0,,0.49019607843137253,0.45454545454545453,0.475,0.11229946524064172,0.23809523809523808,,0.05405405405405406,0.10526315789473684,0.053061224489795916,0.06666666666666667,0.04419889502762431,0.07407407407407407,0.6875,0.559322033898305,0.7058823529411765,0.6545454545454545,0.5277777777777778,,,0.13068181818181818,0.14511041009463724,0.1553133514986376,3.0,1.0,5.0,1.0,2.0,0.02857142857142857,0.07692307692307693,0.04854368932038835,0.05454545454545454,0.08928571428571429,0.2,,,1.0,6.0,2.0,,0.2631578947368421,,,0.016666666666666666,4.0,,,False,,,
202334,1610612763,Ed Davis,Ed Davis,202334,MEM,34393.0,573,47.0,1062,1072,209,270.0,168.0,2134,68.0,107.0,11.0,16.0,23.0,56.0,7.0,15.0,,,,,,,,98.0,178.0,,,32.0,228.0,1101,46.0,,17.0,30.0,,,4.0,38.0,146.0,50.0,,,,,18.0,14.0,4.0,18.0,3.0,1.0,7.0,1.0,40.0,50.0,25.0,61.0,94.0,57.0,151.0,11.0,9.0,2.0,5.0,2.0,20.0,2.0,25.0,39.0,71.0,45.0,61.0,,3.0,24.0,21.0,26.0,38.0,208,0.7448979591836735,0.9240506329113924,,,,,0.550561797752809,0.5666666666666667,0.550561797752809,0.5666666666666667,0.5560975609756098,0.5588235294117647,,0.10112359550561797,0.05357142857142857,18.08176100628931,0.2,0.19242902208201892,0.11764705882352941,0.13368983957219252,0.17063492063492064,0.10536044362292052,0.04195804195804196,0.20192307692307693,0.19626168224299065,0.1223021582733813,0.16666666666666666,0.601123595505618,0.6355140186915887,0.723404255319149,0.3146067415730337,0.4107142857142857,0.4339622641509434,0.9130434782608695,0.08426966292134831,0.4666666666666667,0.5384615384615384,,,,,,,,,,0.5333333333333333,0.6875,,,0.601123595505618,,0.5211662921348315,0.5545682926829268,0.5117766666666667,0.16666666666666666,5.037078651685394,,0.1967984934086629,25.0,43.0,,26.0,,4.0,56.0,38.0,,,6.0,7.0,,8.0,5.0,3.0,6.0,3.0,3.0,3.0,3.0,,9.0,2.0,,2.0,1.0,7.0,31.0,,3.0,20.0,2.0,3.0,2.0,,0.5652173913043478,0.5652173913043478,0.5714285714285714,0.12149532710280374,0.22857142857142856,,0.0603448275862069,0.21951219512195122,0.06779661016949153,0.0625,0.1792452830188679,0.08196721311475409,0.7692307692307693,0.6911764705882353,0.7142857142857143,0.9347826086956522,0.5813953488372093,,,0.15346534653465346,0.15346534653465346,0.24561403508771928,,,,,,,,0.05952380952380952,,,,,1.0,,2.0,2.0,1.0,0.24,,,0.13333333333333333,,3.0,1.0,False,,,
202720,1610612763,Jon Leuer,Jon Leuer,202720,MEM,20390.0,340,6.0,649,641,153,190.0,83.0,1290,22.0,39.0,7.0,10.0,16.0,33.0,9.0,29.0,,2.0,14.0,26.0,,5.0,7.0,47.0,101.0,14.0,28.0,14.0,150.0,717,12.0,1.0,12.0,27.0,5.0,7.0,4.0,43.0,66.0,28.0,42.0,,26.0,14.0,13.0,8.0,2.0,10.0,2.0,,4.0,2.0,22.0,13.0,15.0,43.0,61.0,18.0,79.0,10.0,7.0,3.0,12.0,9.0,3.0,,15.0,17.0,30.0,15.0,16.0,,1.0,6.0,5.0,6.0,43.0,153,0.7021276595744681,0.7674418604651163,1.0,0.5,0.7142857142857143,0.5,0.46534653465346537,0.4444444444444444,0.5271317829457365,0.5735294117647058,0.5474452554744526,0.5972222222222222,0.21705426356589147,0.12871287128712872,,20.51282051282051,0.8,0.2182741116751269,0.05603448275862069,0.1875,0.20938628158844766,0.06060606060606061,0.06493506493506493,0.20588235294117646,0.25396825396825395,0.16129032258064516,0.2777777777777778,0.3023255813953488,0.5641025641025641,0.7586206896551724,0.2558139534883721,0.48484848484848486,0.48484848484848486,0.5625,0.2248062015503876,0.3103448275862069,0.34615384615384615,0.015503875968992248,,,,0.20155038759689922,0.5384615384615384,0.5384615384615384,1.0,,0.29411764705882354,0.7,0.20588235294117646,0.7142857142857143,0.5193798449612403,0.5384615384615384,0.4970872093023255,0.513895,0.4940720588235295,0.2866666666666667,8.673267326732672,25.053571428571423,0.2357473035439137,3.0,6.0,,5.0,,2.0,12.0,8.0,,,2.0,5.0,,3.0,1.0,,1.0,3.0,2.0,3.0,1.0,,4.0,,3.0,3.0,,,7.0,,1.0,5.0,,4.0,1.0,,0.4166666666666667,0.38461538461538464,0.42857142857142855,0.2564102564102564,0.15789473684210525,,0.07692307692307693,0.04597701149425287,0.058823529411764705,0.058823529411764705,0.19696969696969696,0.018867924528301886,0.8333333333333334,0.6818181818181818,1.0,0.46153846153846156,0.5,,,0.051470588235294115,0.06481481481481481,0.08,1.0,,,,1.0,,,0.08333333333333333,0.07692307692307693,,,,2.0,1.0,,,,,,,0.10344827586206896,,,,False,,,
2419,1610612763,Tayshaun Prince,Tayshaun Prince,2419,MEM,96171.0,1603,70.0,2952,2943,572,567.0,376.0,5895,59.0,84.0,10.0,12.0,31.0,97.0,60.0,175.0,16.0,42.0,2.0,14.0,5.0,1.0,5.0,150.0,356.0,18.0,56.0,28.0,382.0,3093,38.0,9.0,24.0,54.0,7.0,16.0,9.0,78.0,202.0,98.0,54.0,,14.0,2.0,12.0,77.0,18.0,95.0,13.0,5.0,36.0,27.0,208.0,21.0,48.0,103.0,163.0,28.0,191.0,36.0,25.0,11.0,24.0,16.0,14.0,2.0,38.0,34.0,52.0,55.0,47.0,,8.0,17.0,12.0,18.0,77.0,552,0.6733333333333333,0.7112676056338029,1.0,0.32142857142857145,0.4375,0.32142857142857145,0.42134831460674155,0.4444444444444444,0.42961165048543687,0.4928571428571429,0.4400921658986175,0.5,0.13592233009708737,0.033707865168539325,0.030927835051546393,13.91099322133805,0.631578947368421,0.10362173038229376,0.017543859649122806,0.11940298507462686,0.10816618911174786,0.019404019404019403,0.013761467889908258,0.08125,0.12290502793296089,0.1423728813559322,0.056074766355140186,0.20388349514563106,0.7023809523809523,0.7662337662337663,0.2354368932038835,0.31958762886597936,0.32978723404255317,0.3225806451612903,0.42475728155339804,0.34285714285714286,0.3468208092485549,0.10194174757281553,0.38095238095238093,0.38095238095238093,1.0,0.03398058252427184,0.14285714285714285,0.14285714285714285,1.0,0.10638297872340426,0.17142857142857143,0.8333333333333334,0.07142857142857142,0.2,0.33980582524271846,0.14285714285714285,0.4706385644768859,0.5048950000000001,0.47272753623188407,0.20418848167539266,12.124157303370787,24.042857142857148,0.1937669376693767,11.0,16.0,1.0,20.0,2.0,1.0,47.0,16.0,,,14.0,7.0,,12.0,6.0,9.0,2.0,8.0,1.0,3.0,,,2.0,1.0,6.0,8.0,9.0,3.0,17.0,1.0,4.0,10.0,,3.0,6.0,0.2222222222222222,0.5263157894736842,0.48936170212765956,0.4895833333333333,0.08333333333333333,0.19047619047619047,,0.028455284552845527,0.024922118380062305,0.015909090909090907,0.022727272727272728,0.10443037974683544,0.026200873362445413,0.5555555555555556,0.6949152542372882,0.8333333333333334,0.3404255319148936,0.6875,0.2,1.0,0.03990610328638498,0.04594594594594595,0.12303664921465969,4.0,6.0,11.0,,,,,0.03164556962025317,0.0851063829787234,0.15714285714285714,0.5454545454545454,1.0,,,1.0,1.0,,0.2727272727272727,0.25,1.0,0.011428571428571429,,,,False,,,
2216,1610612763,Zach Randolph,Zach Randolph,2216,MEM,130431.0,2174,152.0,4039,4018,910,944.0,551.0,8057,215.0,402.0,48.0,80.0,134.0,317.0,92.0,218.0,1.0,1.0,1.0,7.0,2.0,,5.0,441.0,937.0,2.0,8.0,191.0,1079.0,4275,206.0,2.0,82.0,179.0,,5.0,69.0,233.0,412.0,470.0,6.0,,5.0,1.0,95.0,116.0,43.0,159.0,38.0,5.0,67.0,20.0,361.0,178.0,112.0,299.0,436.0,221.0,657.0,45.0,33.0,12.0,71.0,41.0,66.0,8.0,137.0,54.0,161.0,260.0,264.0,,29.0,15.0,10.0,16.0,223.0,887,0.4671201814058957,0.553763440860215,1.0,0.25,,0.3333333333333333,0.47065101387406616,0.4581005586592179,0.46984126984126984,0.44565217391304346,0.5056232427366448,0.5043290043290043,0.008465608465608466,0.10138740661686232,0.12302839116719243,25.584360390990224,0.5182481751824818,0.22929447852760737,0.11008039579468151,0.2018018018018018,0.22108660570199032,0.1095959595959596,0.1095890410958904,0.25476190476190474,0.21325051759834368,0.17359413202933985,0.2808219178082192,0.4253968253968254,0.5348258706467661,0.6213872832369942,0.33544973544973544,0.4227129337539432,0.48201438848920863,0.44776119402985076,0.2306878306878307,0.42201834862385323,0.42201834862385323,0.0010582010582010583,1.0,1.0,1.0,0.007407407407407408,0.14285714285714285,0.14285714285714285,1.0,0.009615384615384616,0.43478260869565216,0.6,0.02717391304347826,,0.43386243386243384,0.2,0.47212592788971364,0.5506002793296089,0.47409560439560444,0.2159406858202039,7.318569903948772,30.9375,0.22530329289428075,80.0,162.0,,97.0,,36.0,230.0,138.0,,2.0,29.0,39.0,4.0,25.0,42.0,8.0,9.0,30.0,15.0,28.0,3.0,,29.0,26.0,3.0,39.0,7.0,20.0,113.0,,5.0,7.0,10.0,23.0,23.0,,0.470873786407767,0.46634615384615385,0.4956896551724138,0.13930348258706468,0.2717391304347826,0.03669724770642202,0.10743801652892562,0.15051546391752577,0.07481751824817519,0.12698412698412698,0.22194513715710723,0.10473815461346633,0.4375,0.4604651162790698,0.5108695652173914,0.7788461538461539,0.49382716049382713,,,0.10886319845857419,0.10970873786407767,0.21316033364226136,,,,,,,,0.0970464135021097,,,,,2.0,1.0,1.0,1.0,1.0,0.1,,,,,,,False,,,
201584,1610612763,Courtney Lee,Courtney Lee,201584,MEM,61948.0,1032,117.0,1907,1902,410,385.0,254.0,3809,48.0,65.0,5.0,8.0,20.0,53.0,42.0,77.0,14.0,42.0,24.0,56.0,4.0,4.0,12.0,110.0,195.0,38.0,98.0,44.0,378.0,1966,17.0,8.0,18.0,32.0,10.0,26.0,28.0,94.0,110.0,110.0,114.0,,56.0,24.0,9.0,47.0,9.0,56.0,5.0,4.0,19.0,15.0,121.0,11.0,30.0,46.0,77.0,13.0,90.0,32.0,21.0,11.0,24.0,20.0,10.0,2.0,34.0,26.0,57.0,38.0,50.0,6.0,10.0,14.0,6.0,14.0,83.0,394,0.5,0.514018691588785,1.0,0.3877551020408163,0.38461538461538464,0.3877551020408163,0.5641025641025641,0.5625,0.5699658703071673,0.5689655172413793,0.5993589743589743,0.647887323943662,0.33447098976109213,0.046153846153846156,0.05660377358490566,15.634884771802984,0.7058823529411765,0.07087827426810478,0.014416775884665793,0.11406844106463879,0.08333333333333333,0.013903743315508022,0.007168458781362007,0.04784688995215311,0.11618257261410789,0.11282051282051282,0.11764705882352941,0.22184300341296928,0.7384615384615385,0.8,0.18088737201365188,0.37735849056603776,0.4,0.45,0.2627986348122867,0.5454545454545454,0.5526315789473685,0.14334470989761092,0.3333333333333333,0.3333333333333333,1.0,0.19112627986348124,0.42857142857142855,0.42857142857142855,1.0,0.16,0.13793103448275862,0.625,0.20689655172413793,0.3333333333333333,0.5563139931740614,0.42857142857142855,0.5054100682593856,0.48270238095238094,0.48993793103448274,0.24867724867724866,10.195897435897434,24.377551020408173,0.2149973780807551,6.0,7.0,1.0,10.0,3.0,1.0,30.0,6.0,,,13.0,2.0,,1.0,5.0,2.0,,4.0,2.0,6.0,1.0,,,2.0,1.0,,5.0,6.0,15.0,5.0,3.0,8.0,,4.0,3.0,0.375,0.5882352941176471,0.58,0.58,0.07692307692307693,0.027777777777777776,,0.011627906976744186,0.016666666666666666,0.020491803278688523,,0.04020100502512563,0.037037037037037035,0.5714285714285714,0.5,0.5238095238095238,0.28,0.8571428571428571,0.25,1.0,0.04966887417218543,0.07352941176470588,0.07936507936507936,4.0,6.0,14.0,,1.0,,,0.017543859649122806,0.16,0.2413793103448276,0.42857142857142855,2.0,2.0,,,,,0.5,0.5,1.0,0.012987012987012988,,,,False,,,
201949,1610612763,James Johnson,James Johnson,201949,MEM,32789.0,546,77.0,1031,1039,212,250.0,163.0,2070,51.0,88.0,10.0,17.0,12.0,18.0,2.0,11.0,5.0,14.0,7.0,37.0,6.0,2.0,11.0,65.0,117.0,12.0,51.0,30.0,196.0,1050,30.0,7.0,10.0,22.0,5.0,14.0,2.0,37.0,48.0,82.0,33.0,3.0,36.0,7.0,8.0,47.0,11.0,58.0,5.0,6.0,29.0,9.0,127.0,33.0,30.0,35.0,68.0,42.0,110.0,29.0,15.0,14.0,21.0,13.0,13.0,2.0,34.0,32.0,57.0,24.0,37.0,,1.0,27.0,12.0,37.0,37.0,210,0.36923076923076925,0.4528301886792453,0.9166666666666666,0.23529411764705882,0.35714285714285715,0.24,0.5555555555555556,0.45454545454545453,0.49404761904761907,0.4861111111111111,0.5297297297297298,0.5,0.30357142857142855,0.06837606837606838,,17.892156862745097,0.6176470588235294,0.11217948717948718,0.08396946564885496,0.1595744680851064,0.13,0.08055009823182711,0.08088235294117647,0.10091743119266056,0.15841584158415842,0.19014084507042253,0.06521739130434782,0.5238095238095238,0.5795454545454546,0.6296296296296297,0.10714285714285714,0.6666666666666666,0.6666666666666666,0.25,0.06547619047619048,0.18181818181818182,0.2,0.08333333333333333,0.35714285714285715,0.35714285714285715,1.0,0.22023809523809523,0.1891891891891892,0.1891891891891892,0.8571428571428571,0.16216216216216217,0.4722222222222222,0.5882352941176471,0.3055555555555556,0.18181818181818182,0.8273809523809523,0.19444444444444445,0.5575801204819276,0.5350867647058826,0.5583602941176471,0.18877551020408162,3.7136752136752142,25.550980392156863,0.20562560620756548,14.0,26.0,,16.0,,6.0,38.0,24.0,,1.0,9.0,8.0,1.0,3.0,6.0,2.0,4.0,8.0,6.0,3.0,4.0,,1.0,,1.0,2.0,,2.0,17.0,5.0,10.0,19.0,,5.0,,,0.5333333333333333,0.43243243243243246,0.475,0.07954545454545454,0.0967741935483871,0.02631578947368421,0.06896551724137931,0.07228915662650602,0.10989010989010989,0.058823529411764705,0.0784313725490196,0.07792207792207792,0.5135135135135135,0.39215686274509803,0.5,0.7027027027027027,0.5384615384615384,,,0.09782608695652174,0.12878787878787878,0.19387755102040816,1.0,3.0,3.0,,,,,0.07317073170731707,0.02702702702702703,0.08333333333333333,1.0,,,2.0,10.0,5.0,1.0,,,,0.09090909090909091,5.0,3.0,,False,1.0,0.019230769230769232,
2757,1610612763,Beno Udrih,Beno Udrih,2757,MEM,852.0,14,-4.0,28,30,6,11.0,4.0,58,,1.0,,,,,1.0,2.0,,,,,,,,1.0,3.0,,,,2.0,32,,,,,,,,,,2.0,,,,,,,1.0,1.0,1.0,,,,3.0,,,1.0,1.0,,1.0,,,,1.0,,,,1.0,1.0,3.0,1.0,,,,,,,,6,,,,,,,0.3333333333333333,,0.3333333333333333,,0.3333333333333333,,,,,12.121212121212121,1.0,0.09090909090909091,,,0.0625,,,,0.3333333333333333,,,0.3333333333333333,,,,,,,0.6666666666666666,0.5,0.5,,,,,,,,,,,,,,0.3333333333333333,,0.4693,,,,11.133333333333333,,0.21428571428571427,,,,,,,,,,,,,,,,,,1.0,,,,,,,,,,,,,,,,,,,,,,,,,,,,,,,,,,,,,,,,,,,,,,,,,,,,,,,,,,,,,,,,,False,,,
203479,1610612763,Jamaal Franklin,Jamaal Franklin,203479,MEM,3499.0,58,-10.0,114,111,28,40.0,14.0,225,2.0,5.0,1.0,3.0,,,2.0,3.0,,,1.0,5.0,,1.0,2.0,4.0,8.0,1.0,5.0,,11.0,132,3.0,,2.0,4.0,1.0,2.0,,7.0,4.0,4.0,3.0,,5.0,1.0,,3.0,,3.0,,,1.0,2.0,6.0,2.0,2.0,,2.0,2.0,4.0,,,,3.0,3.0,2.0,1.0,5.0,4.0,5.0,2.0,,,,1.0,1.0,1.0,7.0,27,0.5,0.6666666666666666,1.0,0.2,0.5,0.2,0.5,0.5,0.4230769230769231,0.5833333333333334,0.4230769230769231,0.5833333333333334,0.38461538461538464,,,13.636363636363635,0.6,,0.04878048780487805,0.14285714285714285,0.0425531914893617,0.0392156862745098,0.1111111111111111,,,0.15384615384615385,,0.38461538461538464,0.4,0.4,,,,,0.23076923076923078,0.6666666666666666,0.6666666666666666,,,,,0.38461538461538464,0.2,0.2,1.0,,0.5,0.3333333333333333,0.3333333333333333,0.5,0.7692307692307693,0.2,0.4993461538461539,0.6265666666666667,0.5002083333333333,0.6363636363636364,8.225000000000001,25.860000000000003,0.24561403508771928,2.0,3.0,,2.0,,,4.0,2.0,,,,,,,1.0,,1.0,,,1.0,,,,,,,1.0,,,,,,,,,,0.6666666666666666,0.6666666666666666,0.6666666666666666,,,,,0.06666666666666667,,,,0.125,,,1.0,1.0,0.6666666666666666,,,,,0.36363636363636365,,,,,,,,,,,,,,,,,,,,,,,,,False,,,
202721,1610612763,Darius Morris,Darius Morris,202721,MEM,3576.0,60,-2.0,101,105,24,7.0,21.0,206,1.0,2.0,1.0,2.0,,1.0,2.0,4.0,,,2.0,7.0,,1.0,3.0,3.0,7.0,2.0,7.0,1.0,13.0,92,,,2.0,3.0,1.0,3.0,,7.0,,6.0,3.0,3.0,7.0,2.0,1.0,7.0,,7.0,,,3.0,2.0,14.0,3.0,1.0,3.0,4.0,3.0,7.0,3.0,2.0,1.0,3.0,1.0,3.0,,6.0,2.0,3.0,3.0,3.0,,,,,,7.0,24,,,0.5,0.2857142857142857,0.3333333333333333,0.2857142857142857,0.42857142857142855,0.6666666666666666,0.42857142857142855,0.5833333333333334,0.43333333333333335,0.5833333333333334,0.5,0.14285714285714285,,16.8,0.5,0.09375,0.05172413793103448,0.06666666666666667,0.0851063829787234,0.04285714285714286,0.041666666666666664,0.16666666666666666,0.09090909090909091,0.09090909090909091,,0.14285714285714285,0.5,1.0,0.07142857142857142,,,,0.2857142857142857,0.5,0.5,,,,,0.5,0.2857142857142857,0.2857142857142857,0.5,,0.3333333333333333,0.5,0.5,0.3333333333333333,0.6428571428571429,0.2857142857142857,0.5350142857142857,,0.6002416666666667,0.5384615384615384,11.057142857142859,25.0,0.2376237623762376,,,,,,,,,,,2.0,,,,,1.0,1.0,2.0,,,,,,,,1.0,1.0,,,,,,,,,,,,,0.5,,,,,0.11764705882352941,,,,,,,,,,,0.06666666666666667,,,,,,,1.0,,,,,,,,,,,,,,,,,,,,False,1.0,0.125,
